url,appellation,gender,wikidata_qid,ID
https://www.deckenmalerei.eu/6da76320-c4b2-11e9-b62d-9be40f04d16f,"Laß, Heiko",MALE,Q95312681,6da76320-c4b2-11e9-b62d-9be40f04d16f
https://www.deckenmalerei.eu/f2096180-ead9-47fe-bb05-a0b493927773,"Brugger, Andreas",MALE,Q496383,f2096180-ead9-47fe-bb05-a0b493927773
https://www.deckenmalerei.eu/553e1844-67c8-493b-959f-2f7df61904c8,"Königsegg-Rothenfels, Maria Karolina von",FEMALE,Q15450292,553e1844-67c8-493b-959f-2f7df61904c8
https://www.deckenmalerei.eu/503b0223-4267-4ac5-bf86-c7f0014e17fd,"Maria Theresia, Montfort",FEMALE,Q15833896,503b0223-4267-4ac5-bf86-c7f0014e17fd
https://www.deckenmalerei.eu/17092f4b-d591-4786-abc0-d224fc709a96,"Stadion, Maria Maximiliana von",FEMALE,Q15450530,17092f4b-d591-4786-abc0-d224fc709a96
https://www.deckenmalerei.eu/f281e9f6-06fa-450f-b5eb-2ca93fc4c418,"D'Ixnard, Pierre Michel",MALE,Q881112,f281e9f6-06fa-450f-b5eb-2ca93fc4c418
https://www.deckenmalerei.eu/c64773b9-8052-4abf-93ca-43ca97f857db,"Bagnato, Johann Caspar",MALE,Q86517,c64773b9-8052-4abf-93ca-43ca97f857db
https://www.deckenmalerei.eu/4e1ae053-c5e1-42a5-930b-df51c12c0617,"Ruez, Johann Jakob Willibald",MALE,Q110213776,4e1ae053-c5e1-42a5-930b-df51c12c0617
https://www.deckenmalerei.eu/a08a1d6b-46d4-42e5-a00f-f1406c433383,"Messmer, Johann Georg",MALE,Q1693899,a08a1d6b-46d4-42e5-a00f-f1406c433383
https://www.deckenmalerei.eu/6b7e31d0-c4c3-11e9-8385-59bf93401dce,"Dreyer, Angelika",FEMALE,Q113781459,6b7e31d0-c4c3-11e9-8385-59bf93401dce
https://www.deckenmalerei.eu/33b85900-c802-11e9-8a8f-6315b3a88f02,"Landes, Anton",MALE,Q591396,33b85900-c802-11e9-8a8f-6315b3a88f02
https://www.deckenmalerei.eu/17edeff0-c802-11e9-8a8f-6315b3a88f02,"Göz, Gottfried Bernhard",MALE,Q1539111,17edeff0-c802-11e9-8a8f-6315b3a88f02
https://www.deckenmalerei.eu/f2367b10-c801-11e9-8a8f-6315b3a88f02,"Hitzelberger, Johann Georg",MALE,Q1693859,f2367b10-c801-11e9-8a8f-6315b3a88f02
https://www.deckenmalerei.eu/8357ef1c-47b4-4f1a-a2f3-5b184c4c54d7,"Hopf, Udo",MALE,Q95761557,8357ef1c-47b4-4f1a-a2f3-5b184c4c54d7
https://www.deckenmalerei.eu/4ef84dde-876a-46ec-8fb6-301c0c152118,"Straßburger, Johann Erhard",MALE,Q1605520,4ef84dde-876a-46ec-8fb6-301c0c152118
https://www.deckenmalerei.eu/7b9caca7-2aff-4ea8-85d8-fc85dfa2aa7e,"Friedrich II., Sachsen-Gotha-Altenburg, Herzog",MALE,Q61447,7b9caca7-2aff-4ea8-85d8-fc85dfa2aa7e
https://www.deckenmalerei.eu/6cd8ecbc-87bd-49c9-95cd-c50f0da18e61,"Zorn von Plobsheim, Wolf Christian",MALE,Q1322112,6cd8ecbc-87bd-49c9-95cd-c50f0da18e61
https://www.deckenmalerei.eu/513436aa-edd3-4751-bfd6-4dbad2d1ca9a,"Marchini, Giovanni Francesco",MALE,Q1526121,513436aa-edd3-4751-bfd6-4dbad2d1ca9a
https://www.deckenmalerei.eu/6374990f-5722-4003-9e13-c7738979d8f7,"Sanguinetti, Lazaro Maria",MALE,Q18628479,6374990f-5722-4003-9e13-c7738979d8f7
https://www.deckenmalerei.eu/c79ce0a4-53b2-435f-aeb6-3f15d1b55df5,"Anna Sophie, Hessen-Darmstadt, Landgräfin",FEMALE,Q290123,c79ce0a4-53b2-435f-aeb6-3f15d1b55df5
https://www.deckenmalerei.eu/36694f9a-d9ce-49e3-aafb-90080f8b8622,"Ernst Albrecht II, Oettingen-Oettingen, Fürst",MALE,Q9594230,36694f9a-d9ce-49e3-aafb-90080f8b8622
https://www.deckenmalerei.eu/9e4b311b-cf87-4683-a0fb-1a7de3b199fc,"Hinterkeuser, Guido",MALE,Q95308405,9e4b311b-cf87-4683-a0fb-1a7de3b199fc
https://www.deckenmalerei.eu/7c881b3f-ec0d-428f-abfb-b1a16fb0b996,"Friedrich I., Preußen, König",MALE,Q151826,7c881b3f-ec0d-428f-abfb-b1a16fb0b996
https://www.deckenmalerei.eu/d91d1615-25b6-45a6-99da-5d39d5c937c5,"Langerfeld, Rutger van",MALE,Q1740407,d91d1615-25b6-45a6-99da-5d39d5c937c5
https://www.deckenmalerei.eu/7b637820-c96f-11e9-b5ad-295696610c6d,"Nering, Johann Arnold",MALE,Q286441,7b637820-c96f-11e9-b5ad-295696610c6d
https://www.deckenmalerei.eu/e35adf35-bc54-414d-8e91-1b4b3832dbbe,"Vaillant, Jacques",MALE,Q608264,e35adf35-bc54-414d-8e91-1b4b3832dbbe
https://www.deckenmalerei.eu/d957a5a0-c974-11e9-a536-2d7c06292cf7,"Henrietta Maria, Württemberg, Herzogin",MALE,Q90196,d957a5a0-c974-11e9-a536-2d7c06292cf7
https://www.deckenmalerei.eu/323b2c90-c97b-11e9-9740-43682802c888,"Diterichs, Friedrich Wilhelm",MALE,Q1462934,323b2c90-c97b-11e9-9740-43682802c888
https://www.deckenmalerei.eu/8dd98878-0f34-4ac3-b5ed-5c0386503ec7,"Karl August, Sachsen-Weimar-Eisenach, Großherzog",MALE,Q213533,8dd98878-0f34-4ac3-b5ed-5c0386503ec7
https://www.deckenmalerei.eu/7f21d5cc-4dae-4803-9b3c-bd304a9e5763,"Wilhelm Heinrich, Sachsen-Eisenach, Herzog",MALE,Q70971,7f21d5cc-4dae-4803-9b3c-bd304a9e5763
https://www.deckenmalerei.eu/6190b47c-d4b2-49d5-bfce-f9eaa4c66e10,"Ernst August I., Sachsen-Weimar, Herzog",MALE,Q65885,6190b47c-d4b2-49d5-bfce-f9eaa4c66e10
https://www.deckenmalerei.eu/50baae9a-1283-4a10-88e3-38a5b07f82a7,"Johann Wilhelm, Sachsen-Eisenach, Herzog",MALE,Q62529,50baae9a-1283-4a10-88e3-38a5b07f82a7
https://www.deckenmalerei.eu/4d4d84ff-be89-4012-a3eb-f1ba8771df13,"Krohne, Gottfried Heinrich",MALE,Q103249,4d4d84ff-be89-4012-a3eb-f1ba8771df13
https://www.deckenmalerei.eu/269522cf-755c-43a5-aa5c-88f4e5e14858,"Mützel, Johann",MALE,Q1695631,269522cf-755c-43a5-aa5c-88f4e5e14858
https://www.deckenmalerei.eu/4d9ca613-7365-45dd-8ae0-65480e5b00d1,"Castelli, Giovanni Pietro",MALE,Q96282433,4d9ca613-7365-45dd-8ae0-65480e5b00d1
https://www.deckenmalerei.eu/1b25aa40-c821-11e9-a78f-bdb9a7914b83,"Holle, Elisabeth von",FEMALE,Q108654930,1b25aa40-c821-11e9-a78f-bdb9a7914b83
https://www.deckenmalerei.eu/29272db0-c580-11e9-a249-1d82ad4f6e4d,"Vos, Marten de, der Ältere",MALE,Q555022,29272db0-c580-11e9-a249-1d82ad4f6e4d
https://www.deckenmalerei.eu/d2849016-9ffc-4c5d-bfe4-d58d3d18eb6d,"Fugger, Franz Carl",MALE,Q55679006,d2849016-9ffc-4c5d-bfe4-d58d3d18eb6d
https://www.deckenmalerei.eu/aaf17e6a-da40-4ff0-9c9d-a24bc3d6039f,"Fugger, Anton",MALE,Q68245,aaf17e6a-da40-4ff0-9c9d-a24bc3d6039f
https://www.deckenmalerei.eu/bf121db0-c528-11e9-92b4-2f4b03998979,"Fischer, Johann Michael",MALE,Q72959,bf121db0-c528-11e9-92b4-2f4b03998979
https://www.deckenmalerei.eu/2a50c190-c528-11e9-92b4-2f4b03998979,"Rugendas, Georg Philipp, der Ältere",MALE,Q459054,2a50c190-c528-11e9-92b4-2f4b03998979
https://www.deckenmalerei.eu/fa6908b8-96a6-40de-bf5b-6a3d15635f2d,"Rugendas, Georg Philipp, der Jüngere",MALE,Q1313910,fa6908b8-96a6-40de-bf5b-6a3d15635f2d
https://www.deckenmalerei.eu/a2457714-a386-43b2-990b-164d39726a1c,"Friedrich Anton Ulrich, Waldeck-Pyrmont, Fürst",MALE,Q68257,a2457714-a386-43b2-990b-164d39726a1c
https://www.deckenmalerei.eu/f4f93210-b529-458c-8f7e-90b2c2fe7992,"Friedrich Karl August, Waldeck-Pyrmont, Fürst",MALE,Q214068,f4f93210-b529-458c-8f7e-90b2c2fe7992
https://www.deckenmalerei.eu/0cf85f5c-3277-41d1-b9bd-e66f27783b9c,"Karl August Friedrich, Waldeck-Pyrmont, Fürst",MALE,Q694108,0cf85f5c-3277-41d1-b9bd-e66f27783b9c
https://www.deckenmalerei.eu/b1123640-c4bb-11e9-a787-75de7068cfba,"Korb, Hermann",MALE,Q2717156,b1123640-c4bb-11e9-a787-75de7068cfba
https://www.deckenmalerei.eu/0adaadb0-c4bc-11e9-a787-75de7068cfba,"Rothweil, Julius Ludwig",MALE,Q1712812,0adaadb0-c4bc-11e9-a787-75de7068cfba
https://www.deckenmalerei.eu/0e567f07-5aeb-4ab3-973b-f829351a4b56,"La Feuille, Daniel de",MALE,Q25930316,0e567f07-5aeb-4ab3-973b-f829351a4b56
https://www.deckenmalerei.eu/f263b986-00d8-406a-8bf2-8ebb9ff704de,"Kitz, Johann Matthias",MALE,Q1695460,f263b986-00d8-406a-8bf2-8ebb9ff704de
https://www.deckenmalerei.eu/88a8d1b0-c4c4-11e9-8385-59bf93401dce,"Tischbein, Johann Heinrich, der Ältere",MALE,Q213789,88a8d1b0-c4c4-11e9-8385-59bf93401dce
https://www.deckenmalerei.eu/f51015ac-77f9-405b-b0d3-964fe5a5bc0b,"Carl Ludwig, Hohenlohe-Weikersheim, Graf",MALE,Q27103109,f51015ac-77f9-405b-b0d3-964fe5a5bc0b
https://www.deckenmalerei.eu/d579f84e-d04c-4a8e-9179-70573f2ee58c,"Wolfgang II., Hohenlohe-Weikersheim, Graf",MALE,Q2401530,d579f84e-d04c-4a8e-9179-70573f2ee58c
https://www.deckenmalerei.eu/f49d3699-bfc4-43c1-8c26-6224d61d8023,"Gunzenhäuser, Elias",MALE,Q15807801,f49d3699-bfc4-43c1-8c26-6224d61d8023
https://www.deckenmalerei.eu/a91c45b8-aca1-4d0b-b5ea-5bfa7b36d544,"Beringer, Wolf",MALE,Q2589208,a91c45b8-aca1-4d0b-b5ea-5bfa7b36d544
https://www.deckenmalerei.eu/40f13fd0-51f5-40bd-bd65-7f5b4f827b35,"Stegle, Georg",MALE,Q122923734,40f13fd0-51f5-40bd-bd65-7f5b4f827b35
https://www.deckenmalerei.eu/0da5c5d3-a46a-4a91-ad0d-3e8aacdb11d0,"Robin, Georg",MALE,Q56257625,0da5c5d3-a46a-4a91-ad0d-3e8aacdb11d0
https://www.deckenmalerei.eu/9cfb7222-d1a7-4a71-b4f6-a42654f6f22a,"Juncker, Michael",MALE,Q94876645,9cfb7222-d1a7-4a71-b4f6-a42654f6f22a
https://www.deckenmalerei.eu/d9c86858-a299-4e3f-9cc6-e74ddaf3e8a0,"Wolfgang Julius, Hohenlohe-Neuenstein, Graf",MALE,Q71400,d9c86858-a299-4e3f-9cc6-e74ddaf3e8a0
https://www.deckenmalerei.eu/044e4b01-7a0a-40f8-9f73-bd3d5873ce1b,"Johann Friedrich II., Hohenlohe-Neuenstein-Öhringen, Graf",MALE,Q6215819,044e4b01-7a0a-40f8-9f73-bd3d5873ce1b
https://www.deckenmalerei.eu/7ac801c5-4055-42bc-9f0f-1ce3906acec6,"Johann Friedrich I., Hohenlohe-Neuenstein, Graf",MALE,Q27092827,7ac801c5-4055-42bc-9f0f-1ce3906acec6
https://www.deckenmalerei.eu/60feefa9-00d5-43e3-b6e2-1047db28b963,"Georg Friedrich, Hohenlohe-Weikersheim, Graf",MALE,Q96124,60feefa9-00d5-43e3-b6e2-1047db28b963
https://www.deckenmalerei.eu/df1207c8-e89d-44b7-aec1-005ca9254fe3,"Philipp Ernst, Hohenlohe-Langenburg, Graf",MALE,Q86740,df1207c8-e89d-44b7-aec1-005ca9254fe3
https://www.deckenmalerei.eu/08b69bfc-d728-4a4b-b0bf-b3acdbdff975,"Johann Ernst, Hohenlohe-Öhringen, Graf",MALE,Q29363158,08b69bfc-d728-4a4b-b0bf-b3acdbdff975
https://www.deckenmalerei.eu/9baac7fc-014c-4024-978b-4d48a105bdca,"Hohenlohe-Künzelsau, Johann Ludwig von",MALE,Q55903587,9baac7fc-014c-4024-978b-4d48a105bdca
https://www.deckenmalerei.eu/b3546e38-66cc-453e-bf97-64a16da4c577,"Straet, Jan van der",MALE,Q143595,b3546e38-66cc-453e-bf97-64a16da4c577
https://www.deckenmalerei.eu/edde897c-8bf8-43c4-832c-8af127c9b859,"Katzenberger, Balthasar",MALE,Q21544429,edde897c-8bf8-43c4-832c-8af127c9b859
https://www.deckenmalerei.eu/175bb411-df98-4014-ba34-7f2bf00bc781,"Blocklandt-van Montfoort, Anthonie van",MALE,Q2281325,175bb411-df98-4014-ba34-7f2bf00bc781
https://www.deckenmalerei.eu/c36cd2de-01e0-4c41-979c-d0165a409949,"Carracci, Agostino",MALE,Q316269,c36cd2de-01e0-4c41-979c-d0165a409949
https://www.deckenmalerei.eu/fa15f74c-9848-4123-b06f-4f9f996b2330,"Manegold, Passau, Bischof",MALE,Q121005,fa15f74c-9848-4123-b06f-4f9f996b2330
https://www.deckenmalerei.eu/b9bc5959-bc6d-492b-9126-bb5d88e9ee63,"Fugger, Hans Ernst",MALE,Q20734957,b9bc5959-bc6d-492b-9126-bb5d88e9ee63
https://www.deckenmalerei.eu/9b792700-1820-4c35-9f2c-956bbf0dc934,"Weißenfelder, Johann",MALE,Q95004787,9b792700-1820-4c35-9f2c-956bbf0dc934
https://www.deckenmalerei.eu/235030a1-0adc-4aa9-b86d-74ae58b399e8,"Fugger, Christoph Rudolf",MALE,Q55228839,235030a1-0adc-4aa9-b86d-74ae58b399e8
https://www.deckenmalerei.eu/ea4c1a4c-8718-4dee-8296-e78d8a7a03f5,"Fritsch, Jakob Friedrich von",MALE,Q1679037,ea4c1a4c-8718-4dee-8296-e78d8a7a03f5
https://www.deckenmalerei.eu/c2858171-80ea-4561-b68b-3e59e9e3528e,"Anna Amalia, Sachsen-Weimar-Eisenach, Herzogin",FEMALE,Q241250,c2858171-80ea-4561-b68b-3e59e9e3528e
https://www.deckenmalerei.eu/a147a2a6-8e6f-4c69-8963-13708cbc8b74,"Oeser, Adam Friedrich",MALE,Q215129,a147a2a6-8e6f-4c69-8963-13708cbc8b74
https://www.deckenmalerei.eu/d300cf18-8c3b-4504-9151-03ce651c123c,"Schmeller, Johann Joseph",MALE,Q1695036,d300cf18-8c3b-4504-9151-03ce651c123c
https://www.deckenmalerei.eu/17340e04-b115-46ef-b2ef-e67130124abc,"Steiner, Karl Friedrich",MALE,Q1037954,17340e04-b115-46ef-b2ef-e67130124abc
https://www.deckenmalerei.eu/b1f31fc8-f406-403f-b151-b5a7dabf0b5d,"Schlegel, Johann Gottfried",MALE,Q47487444,b1f31fc8-f406-403f-b151-b5a7dabf0b5d
https://www.deckenmalerei.eu/87819f53-5d43-4eb2-8156-60f98b660d0d,"Meyer, Johann Heinrich",MALE,Q118064,87819f53-5d43-4eb2-8156-60f98b660d0d
https://www.deckenmalerei.eu/d739a050-c8b3-11e9-a8bd-010b40bb6c8f,"Neelmeyer, Heinrich",MALE,Q94915294,d739a050-c8b3-11e9-a8bd-010b40bb6c8f
https://www.deckenmalerei.eu/53f61c50-c8b3-11e9-a8bd-010b40bb6c8f,"Beeldemaker, Adriaen Cornelisz",MALE,Q4684795,53f61c50-c8b3-11e9-a8bd-010b40bb6c8f
https://www.deckenmalerei.eu/06c4a890-cb04-11e9-b810-4983cc384b82,"Aloisi, Andrea",MALE,Q493314,06c4a890-cb04-11e9-b810-4983cc384b82
https://www.deckenmalerei.eu/bf1f91e0-c8af-11e9-a8bd-010b40bb6c8f,"Wartenberg, Franz Wilhelm von",MALE,Q84750,bf1f91e0-c8af-11e9-a8bd-010b40bb6c8f
https://www.deckenmalerei.eu/ae4e8240-c8b4-11e9-a8bd-010b40bb6c8f,"Philipp Sigismund, Braunschweig-Wolfenbüttel, Herzog",MALE,Q2087213,ae4e8240-c8b4-11e9-a8bd-010b40bb6c8f
https://www.deckenmalerei.eu/fdff3af0-c8e1-11e9-94ab-75c485fd9e98,"Ernst August, Hannover, König",MALE,Q162302,fdff3af0-c8e1-11e9-94ab-75c485fd9e98
https://www.deckenmalerei.eu/f6981d60-c515-11e9-a1d4-092b9353e7b9,"Ernst August I., Braunschweig-Lüneburg, Kurfürst",MALE,Q372190,f6981d60-c515-11e9-a1d4-092b9353e7b9
https://www.deckenmalerei.eu/70ad3ef7-a51b-4302-bc2e-c882c2045284,"Ernst August II., Osnabrück, Fürstbischof",MALE,Q655521,70ad3ef7-a51b-4302-bc2e-c882c2045284
https://www.deckenmalerei.eu/081f95c5-8e92-495d-a97f-993b2f48a91b,"Cortona, Pietro da",MALE,Q333323,081f95c5-8e92-495d-a97f-993b2f48a91b
https://www.deckenmalerei.eu/03941d83-c2de-4c59-9c7e-21028f03de69,"Bigari, Vittorio Maria",MALE,Q514645,03941d83-c2de-4c59-9c7e-21028f03de69
https://www.deckenmalerei.eu/5f63faa0-c7d5-11e9-8741-07f577d624c4,"Clemens August I., Köln, Erzbischof",MALE,Q215086,5f63faa0-c7d5-11e9-8741-07f577d624c4
https://www.deckenmalerei.eu/3b8f7849-3ab4-4c9f-b44c-d4a7bfcd66fc,"Schlaun, Johann Conrad",MALE,Q76704,3b8f7849-3ab4-4c9f-b44c-d4a7bfcd66fc
https://www.deckenmalerei.eu/1645ba6c-b8f3-48fd-95c5-ff598d5162d2,"Manskirch, Johann Christoph",MALE,Q1693048,1645ba6c-b8f3-48fd-95c5-ff598d5162d2
https://www.deckenmalerei.eu/b735a412-eb5b-44c9-9cbb-2c5d596aa426,"Castelli, Carlo Antonio",MALE,Q87255499,b735a412-eb5b-44c9-9cbb-2c5d596aa426
https://www.deckenmalerei.eu/0a18423b-6746-4fda-ba41-6f00da58efdc,"Delarocque, Stephan Laurent",MALE,Q2343518,0a18423b-6746-4fda-ba41-6f00da58efdc
https://www.deckenmalerei.eu/31702931-4ebb-4699-80fa-b13aa4acad4f,"Leveilly, Michael",MALE,Q1928428,31702931-4ebb-4699-80fa-b13aa4acad4f
https://www.deckenmalerei.eu/b4a11e56-8238-42bc-8804-7ec819526d97,"Holzer, Johann Evangelist",MALE,Q877923,b4a11e56-8238-42bc-8804-7ec819526d97
https://www.deckenmalerei.eu/61794c7c-f982-472e-986c-c1b70f3d7a4e,"Johann Ernst, Nassau-Weilburg, Graf",MALE,Q473471,61794c7c-f982-472e-986c-c1b70f3d7a4e
https://www.deckenmalerei.eu/5abea000-6fed-47d8-be10-2c94f8f90a28,"Seekatz, Georg Friedrich Christian",MALE,Q1504296,5abea000-6fed-47d8-be10-2c94f8f90a28
https://www.deckenmalerei.eu/6b6228dc-f318-4d99-a987-cbbaa5048503,"Gallasini, Andrea",MALE,Q493921,6b6228dc-f318-4d99-a987-cbbaa5048503
https://www.deckenmalerei.eu/ebeec240-87b4-4d92-85b7-cf81a1e9e42c,"Johann I., Nassau-Weilburg, Graf",MALE,Q475891,ebeec240-87b4-4d92-85b7-cf81a1e9e42c
https://www.deckenmalerei.eu/6638613b-2fa2-4e32-b8c6-73d496577ec7,"Bottschild, Samuel",MALE,Q1702064,6638613b-2fa2-4e32-b8c6-73d496577ec7
https://www.deckenmalerei.eu/9e8357f0-c4ea-11e9-85a2-570d764610f8,"Carl Eugen, Württemberg, Herzog",MALE,Q511206,9e8357f0-c4ea-11e9-85a2-570d764610f8
https://www.deckenmalerei.eu/a8832530-c5aa-11e9-b229-6b499a37f581,"Guibal, Nicolas",MALE,Q1986583,a8832530-c5aa-11e9-b229-6b499a37f581
https://www.deckenmalerei.eu/1d0aab00-c5bd-11e9-b6fd-d99e1ba53a95,"Weyhing, Johann Friedrich",MALE,Q1693688,1d0aab00-c5bd-11e9-b6fd-d99e1ba53a95
https://www.deckenmalerei.eu/cb19e960-c5bb-11e9-b6fd-d99e1ba53a95,"Colombo, Giovanni Battista Innocenzo",MALE,Q118677,cb19e960-c5bb-11e9-b6fd-d99e1ba53a95
https://www.deckenmalerei.eu/c7c193d1-d0bb-44e3-ab9d-de09ec17c7aa,"Sonnenschein, Johann Valentin",MALE,Q2508474,c7c193d1-d0bb-44e3-ab9d-de09ec17c7aa
https://www.deckenmalerei.eu/0d1f1b60-c5ac-11e9-893a-a37e5cdc9651,"Winck, Joseph Gregor",MALE,Q1707128,0d1f1b60-c5ac-11e9-893a-a37e5cdc9651
https://www.deckenmalerei.eu/9b100881-7bda-4712-93eb-8c610ce419df,"Sibylla Augusta, Baden-Baden, Markgräfin",MALE,Q70787,9b100881-7bda-4712-93eb-8c610ce419df
https://www.deckenmalerei.eu/5e4cdc11-7d1f-44a4-a3ee-7854c47eac0a,"Rohrer, Michael Ludwig",MALE,Q1695565,5e4cdc11-7d1f-44a4-a3ee-7854c47eac0a
https://www.deckenmalerei.eu/c587f45f-6de7-4c09-b4d4-1267336378ec,"Maschke, Walter",MALE,Q2545488,c587f45f-6de7-4c09-b4d4-1267336378ec
https://www.deckenmalerei.eu/5f8a6a4e-8687-44b9-bb7c-f68df097f536,"Carracci, Annibale",MALE,Q7824,5f8a6a4e-8687-44b9-bb7c-f68df097f536
https://www.deckenmalerei.eu/cf88f497-08a8-40b6-84d0-8b88b9bc7015,"Baur, Johann Wilhelm",MALE,Q324487,cf88f497-08a8-40b6-84d0-8b88b9bc7015
https://www.deckenmalerei.eu/e7dd5aa2-4229-495a-bbc1-4266cab04c15,"Pfleger, Franz",MALE,Q95242689,e7dd5aa2-4229-495a-bbc1-4266cab04c15
https://www.deckenmalerei.eu/d817c0e7-360d-4fe0-9171-bfe6f81a53e0,"Küsel, Melchior",MALE,Q6812010,d817c0e7-360d-4fe0-9171-bfe6f81a53e0
https://www.deckenmalerei.eu/b4552e8e-9541-4b02-8646-d08fb9db0ca2,"Froberg, Philipp Joseph Anton, Graf",MALE,Q94849919,b4552e8e-9541-4b02-8646-d08fb9db0ca2
https://www.deckenmalerei.eu/b04e2043-91b0-45eb-8186-9cd4e34fb3e2,"Königsegg-Rothenfels, Christian Moritz, Graf",MALE,Q89835,b04e2043-91b0-45eb-8186-9cd4e34fb3e2
https://www.deckenmalerei.eu/10bf66be-6ab0-44ea-85f4-a3dda0c26ead,"Baden, Franz Benedikt von, Freiherr",MALE,Q60838671,10bf66be-6ab0-44ea-85f4-a3dda0c26ead
https://www.deckenmalerei.eu/4363d115-387d-45d6-958b-4ada9c08572f,"Gessinger, Christoph",MALE,Q94806367,4363d115-387d-45d6-958b-4ada9c08572f
https://www.deckenmalerei.eu/45327067-9602-4414-b0be-784b0643c515,"Pozzi, Francesco",MALE,Q1441192,45327067-9602-4414-b0be-784b0643c515
https://www.deckenmalerei.eu/c57007ae-6705-4cd6-b993-cac056e0c0e3,"Appiani, Joseph Ignaz",MALE,Q1528127,c57007ae-6705-4cd6-b993-cac056e0c0e3
https://www.deckenmalerei.eu/e5294ac5-1ba0-4499-8fef-f6353e2edf36,"Bagnato, Franz Anton",MALE,Q103371,e5294ac5-1ba0-4499-8fef-f6353e2edf36
https://www.deckenmalerei.eu/c2c0369d-e246-40e0-8e2e-040edc41d689,"Venator, Johann Caspar",MALE,Q106787689,c2c0369d-e246-40e0-8e2e-040edc41d689
https://www.deckenmalerei.eu/59269615-ba4f-4616-8a8b-746f77b2c6fc,Papst Cölestin III.,MALE,Q103437,59269615-ba4f-4616-8a8b-746f77b2c6fc
https://www.deckenmalerei.eu/0e810df7-cee3-4f21-9acb-0af42929dfc5,"Friedrich II. von Hohenstaufen, Kaiser",MALE,Q130221,0e810df7-cee3-4f21-9acb-0af42929dfc5
https://www.deckenmalerei.eu/3712ce65-849b-486d-9e3b-688d90049ddf,"Ludwig IX., Frankreich, König",MALE,Q346,3712ce65-849b-486d-9e3b-688d90049ddf
https://www.deckenmalerei.eu/513aca70-5205-4e2a-bc50-4a237575138a,"Kuen, Franz Martin",MALE,Q1448195,513aca70-5205-4e2a-bc50-4a237575138a
https://www.deckenmalerei.eu/713f9403-b2ac-44c1-80bd-aa1225a7eead,"Vöhlin von Frickenhausen, Johann Joseph",MALE,Q60844430,713f9403-b2ac-44c1-80bd-aa1225a7eead
https://www.deckenmalerei.eu/e5ded8ce-f22d-4c23-857a-433f0283e8fa,"Fugger, Maria Katharina von",FEMALE,Q59326281,e5ded8ce-f22d-4c23-857a-433f0283e8fa
https://www.deckenmalerei.eu/b5baaab6-83a2-4c43-aae8-a8b537a40b41,"Vöhlin von Frickenhausen, Hans Christoph I.",MALE,Q110152804,b5baaab6-83a2-4c43-aae8-a8b537a40b41
https://www.deckenmalerei.eu/343842bc-a474-45be-a31a-512b032e0258,"Roth zu Bußmannshausen, Maria von",FEMALE,Q115738860,343842bc-a474-45be-a31a-512b032e0258
https://www.deckenmalerei.eu/65007eaf-977f-455a-b653-e14766a8a1cd,"Leibetseder, Stefanie",FEMALE,Q95193114,65007eaf-977f-455a-b653-e14766a8a1cd
https://www.deckenmalerei.eu/8c49f248-204d-48a8-a0e5-9d4606562f48,"Verschaffelt, Peter Anton von",MALE,Q567395,8c49f248-204d-48a8-a0e5-9d4606562f48
https://www.deckenmalerei.eu/746f7a42-7127-4ed0-8858-678e326ce59a,"Grupello, Gabriel de",MALE,Q1489831,746f7a42-7127-4ed0-8858-678e326ce59a
https://www.deckenmalerei.eu/6e577cfb-ad75-4780-b2cc-d4ae92c4ce6c,"Egell, Paul",MALE,Q874984,6e577cfb-ad75-4780-b2cc-d4ae92c4ce6c
https://www.deckenmalerei.eu/63b8f619-6d8d-4cf5-8dd6-8fcd824680fa,"Branden, Johann Matthäus van den",MALE,Q1695476,63b8f619-6d8d-4cf5-8dd6-8fcd824680fa
https://www.deckenmalerei.eu/3f003287-37ac-42b3-aa1e-805a95e3331f,"Albuccio, Giuseppe Antonio",MALE,Q1528118,3f003287-37ac-42b3-aa1e-805a95e3331f
https://www.deckenmalerei.eu/f7725029-ebb6-4de7-a43b-fcd5a4596805,"Schlichten, Johann Philipp van der",OTHER,Q18508397,f7725029-ebb6-4de7-a43b-fcd5a4596805
https://www.deckenmalerei.eu/ea2b6075-6c8b-4bc2-b5f6-dd6805738790,"Brinckmann, Philipp Hieronymus",MALE,Q1660818,ea2b6075-6c8b-4bc2-b5f6-dd6805738790
https://www.deckenmalerei.eu/9b20d32c-530d-4f46-a1b4-52d1bc62a19f,"Asam, Cosmas Damian",MALE,Q715693,9b20d32c-530d-4f46-a1b4-52d1bc62a19f
https://www.deckenmalerei.eu/512906df-d389-46ba-8261-ba350682f86a,"Krahe, Lambert",MALE,Q1801378,512906df-d389-46ba-8261-ba350682f86a
https://www.deckenmalerei.eu/3505cd0f-a5f7-4bbf-89a8-fb49b6e0b562,"Pellegrini, Giovanni Antonio",MALE,Q1358364,3505cd0f-a5f7-4bbf-89a8-fb49b6e0b562
https://www.deckenmalerei.eu/6b2637a1-3739-4cf6-9680-da641cef7d20,"Rischer, Johann Jakob",MALE,Q1694922,6b2637a1-3739-4cf6-9680-da641cef7d20
https://www.deckenmalerei.eu/fd152db9-d130-47c3-b2be-0741a09c804c,"Karl Theodor, Pfalz, Kurfürst",MALE,Q44961,fd152db9-d130-47c3-b2be-0741a09c804c
https://www.deckenmalerei.eu/46db956f-4674-4723-930b-69b609f80c2e,"Karl Philipp, Pfalz, Kurfürst",MALE,Q62594,46db956f-4674-4723-930b-69b609f80c2e
https://www.deckenmalerei.eu/f9de1b9d-1398-41a3-8c81-003ff7066040,"Pigage, Nicolas de",MALE,Q316227,f9de1b9d-1398-41a3-8c81-003ff7066040
https://www.deckenmalerei.eu/cb886275-26c1-4224-bcb1-4f03895582f9,"Herwarthel, Johann Kaspar",MALE,Q1478264,cb886275-26c1-4224-bcb1-4f03895582f9
https://www.deckenmalerei.eu/615907ea-bffe-41e7-96ff-ae89bd880a92,"Hauberat, Guillaume d'",MALE,Q1553971,615907ea-bffe-41e7-96ff-ae89bd880a92
https://www.deckenmalerei.eu/28107e4d-1e76-4f29-82f4-2b309b632336,"Rabaliatti, Franz Wilhelm",MALE,Q108775,28107e4d-1e76-4f29-82f4-2b309b632336
https://www.deckenmalerei.eu/dd0e9a31-91f3-4bec-8374-a6468c5fb81b,"Galli da Bibiena, Alessandro",MALE,Q876687,dd0e9a31-91f3-4bec-8374-a6468c5fb81b
https://www.deckenmalerei.eu/287faf22-82c3-4974-8ec4-b09a963c9d6a,"De la Fosse, Louis Rémy",MALE,Q1362304,287faf22-82c3-4974-8ec4-b09a963c9d6a
https://www.deckenmalerei.eu/9a1cc6a5-b68c-4a89-a497-1b362ad651c8,"Maria Elisabeth Auguste, Pfalz, Kurfürstin",FEMALE,Q272476,9a1cc6a5-b68c-4a89-a497-1b362ad651c8
https://www.deckenmalerei.eu/4033085d-0ce0-43f4-8dfc-1949843c8c9c,"Egell, Augustin",MALE,Q767733,4033085d-0ce0-43f4-8dfc-1949843c8c9c
https://www.deckenmalerei.eu/285ad2a1-93aa-42d5-b67c-156358735a17,"Pozzi, Giuseppe",MALE,Q1706500,285ad2a1-93aa-42d5-b67c-156358735a17
https://www.deckenmalerei.eu/61323886-6d84-407a-895e-36c00c3330c5,"Vocke, Carolus",MALE,Q47520256,61323886-6d84-407a-895e-36c00c3330c5
https://www.deckenmalerei.eu/0a4405ff-4e1e-42c9-9050-90b78f364773,"Goudreaux, Pierre",MALE,Q47509050,0a4405ff-4e1e-42c9-9050-90b78f364773
https://www.deckenmalerei.eu/35342bc6-19cf-47e8-9576-61ba17f7d7cd,"Wentzinger, Johann Christian",MALE,Q106952,35342bc6-19cf-47e8-9576-61ba17f7d7cd
https://www.deckenmalerei.eu/0f610b7e-4baf-41be-9a4f-7366504f6ce3,"Göser, Simon",MALE,Q2287526,0f610b7e-4baf-41be-9a4f-7366504f6ce3
https://www.deckenmalerei.eu/015dc51f-6275-4ea2-b504-ddf6cbcfe888,"Hergott, Marquard",MALE,Q1902419,015dc51f-6275-4ea2-b504-ddf6cbcfe888
https://www.deckenmalerei.eu/14a5388a-5d4d-4bd5-b59e-58a03863879a,"Schrottenberg, Wolf Philipp",MALE,Q55875713,14a5388a-5d4d-4bd5-b59e-58a03863879a
https://www.deckenmalerei.eu/40232f4f-065c-48b5-9811-2d4e76ed5f4a,"Dientzenhofer, Johann",MALE,Q77559,40232f4f-065c-48b5-9811-2d4e76ed5f4a
https://www.deckenmalerei.eu/e6d0db5c-8cbc-4d6f-b862-a8b15cb29d8a,"Dientzenhofer, Johann Leonhard",MALE,Q106358,e6d0db5c-8cbc-4d6f-b862-a8b15cb29d8a
https://www.deckenmalerei.eu/9b84839d-733b-4c64-892d-73ef950c8267,"Roth, Franz Joseph Ferdinand",MALE,Q721608,9b84839d-733b-4c64-892d-73ef950c8267
https://www.deckenmalerei.eu/6722d0d5-65a5-4ddc-8d5f-6658c493d11e,"Wolf von Wolfsthal, Philipp Gaston",MALE,Q60830838,6722d0d5-65a5-4ddc-8d5f-6658c493d11e
https://www.deckenmalerei.eu/226ace51-b715-42e0-a8dc-197e87e1d095,"Schönborn-Buchheim, Damian Hugo, Konstanz, Fürstbischof",MALE,Q69886,226ace51-b715-42e0-a8dc-197e87e1d095
https://www.deckenmalerei.eu/72448a7a-957e-47f6-a8f2-132f4f26a847,"Keßler, Andreas",MALE,Q498751,72448a7a-957e-47f6-a8f2-132f4f26a847
https://www.deckenmalerei.eu/ee0e6399-c401-466a-9828-6067da7f988b,"Petrini, Antonio",MALE,Q604103,ee0e6399-c401-466a-9828-6067da7f988b
https://www.deckenmalerei.eu/6a8908f7-952c-4c8a-ba4c-75255d810653,"Neumann, Balthasar",MALE,Q61349,6a8908f7-952c-4c8a-ba4c-75255d810653
https://www.deckenmalerei.eu/164ef19a-7fb5-4c8e-92f7-d780d9d1f149,"Testelin, Louis",MALE,Q3263167,164ef19a-7fb5-4c8e-92f7-d780d9d1f149
https://www.deckenmalerei.eu/f8dde9f7-f479-42ae-abce-6ee6cc76f0bc,"Beer, Michael",MALE,Q1926920,f8dde9f7-f479-42ae-abce-6ee6cc76f0bc
https://www.deckenmalerei.eu/267cbe60-c8c6-11e9-bacf-4d9aa20dadba,"Reith, Paul Ambrosius",MALE,Q105079664,267cbe60-c8c6-11e9-bacf-4d9aa20dadba
https://www.deckenmalerei.eu/bd429e55-dc84-4ae3-8d8b-dda63e0df3d8,"Brachum, Laurenz von",MALE,Q1808270,bd429e55-dc84-4ae3-8d8b-dda63e0df3d8
https://www.deckenmalerei.eu/b71aab0a-1842-4841-8488-5bfe2eb39269,"Kern, Paridom Daniel",MALE,Q94895725,b71aab0a-1842-4841-8488-5bfe2eb39269
https://www.deckenmalerei.eu/4d3afd56-59a7-41e6-8900-b03b97f50bc2,"Middeldorp, Peter",MALE,Q94869600,4d3afd56-59a7-41e6-8900-b03b97f50bc2
https://www.deckenmalerei.eu/bdfbd4c8-9c6c-497b-a6d8-e68448c758e1,"Tempesta, Antonio",MALE,Q605447,bdfbd4c8-9c6c-497b-a6d8-e68448c758e1
https://www.deckenmalerei.eu/d7903e75-36e5-43e8-99e8-ef95699ccbf3,"Räntz, Johann Gabriel",MALE,Q18508389,d7903e75-36e5-43e8-99e8-ef95699ccbf3
https://www.deckenmalerei.eu/d9c5d551-473c-4045-b2ae-c3f8ccab06d0,"Schreyer, Gabriel",MALE,Q55915381,d9c5d551-473c-4045-b2ae-c3f8ccab06d0
https://www.deckenmalerei.eu/ac0db9a1-14e5-4d83-b4da-e349baaa5b7c,"Brendel, Johann Andreas",MALE,Q106617992,ac0db9a1-14e5-4d83-b4da-e349baaa5b7c
https://www.deckenmalerei.eu/f85d1d9d-97c0-4a54-9440-bac09a9ddd9b,"Georg Wilhelm, Brandenburg-Bayreuth, Markgraf",MALE,Q524172,f85d1d9d-97c0-4a54-9440-bac09a9ddd9b
https://www.deckenmalerei.eu/e15a4e40-c59d-11e9-9b89-139a7d3e65b8,"Vick, Christian Georg",MALE,Q1079814,e15a4e40-c59d-11e9-9b89-139a7d3e65b8
https://www.deckenmalerei.eu/3e227120-c59e-11e9-9b89-139a7d3e65b8,"Pickhardt, Johann Georg",MALE,Q95344166,3e227120-c59e-11e9-9b89-139a7d3e65b8
https://www.deckenmalerei.eu/ec722fe4-fbff-44c6-8e8a-f633a279cbea,"Albrecht, Sachsen-Coburg-Gotha, Herzog",MALE,Q69249,ec722fe4-fbff-44c6-8e8a-f633a279cbea
https://www.deckenmalerei.eu/6c22a24d-e17e-4a7b-96f2-cdaf87cd8719,"Franz Josias, Sachsen-Coburg-Saalfeld, Herzog",MALE,Q62273,6c22a24d-e17e-4a7b-96f2-cdaf87cd8719
https://www.deckenmalerei.eu/986052a9-d244-41ba-88dd-ffbf7264c022,"Richter, Christian (I.)",MALE,Q24461938,986052a9-d244-41ba-88dd-ffbf7264c022
https://www.deckenmalerei.eu/89936b31-a6cf-4166-bf55-1a7759660118,"Passe, Magdalena",FEMALE,Q438750,89936b31-a6cf-4166-bf55-1a7759660118
https://www.deckenmalerei.eu/3c11b06a-3ff3-4b55-bc42-e45f1b27be48,"Rubens, Peter Paul",MALE,Q5599,3c11b06a-3ff3-4b55-bc42-e45f1b27be48
https://www.deckenmalerei.eu/d5df2aae-96b7-4c1a-93ed-422fcaa6f45f,"Boullogne, Louis",MALE,Q2617951,d5df2aae-96b7-4c1a-93ed-422fcaa6f45f
https://www.deckenmalerei.eu/3adf05a8-2ec9-4f7e-b576-4abaec6603ec,"Baudet, Etienne",MALE,Q3592059,3adf05a8-2ec9-4f7e-b576-4abaec6603ec
https://www.deckenmalerei.eu/19074c95-26ac-4d44-aed3-513b52f67288,"Giorgioli, Francesco Antonio",MALE,Q680148,19074c95-26ac-4d44-aed3-513b52f67288
https://www.deckenmalerei.eu/c4edb090-f559-4970-b9fb-aba18df45709,"Lammers, Seivert",MALE,Q51285583,c4edb090-f559-4970-b9fb-aba18df45709
https://www.deckenmalerei.eu/861abb20-a8ee-4c9d-881c-1b7a81e08e01,"Hertzig, Stefan",MALE,Q14826063,861abb20-a8ee-4c9d-881c-1b7a81e08e01
https://www.deckenmalerei.eu/6221105e-a028-4504-a624-33d2fcd45218,"Pictorius, Johann Martin",MALE,Q95248151,6221105e-a028-4504-a624-33d2fcd45218
https://www.deckenmalerei.eu/b4894ed8-45a1-4ed1-97cb-ecbd2b10ea74,"Corfey, Lambert Friedrich von",MALE,Q1477602,b4894ed8-45a1-4ed1-97cb-ecbd2b10ea74
https://www.deckenmalerei.eu/243c1653-d6e2-4939-98e6-433837319869,"Pictorius, Gottfried Laurenz",MALE,Q1539320,243c1653-d6e2-4939-98e6-433837319869
https://www.deckenmalerei.eu/0d9c3cf3-b71b-4418-941a-e8bab856b025,"Stratmann, Anton Joseph",MALE,Q590809,0d9c3cf3-b71b-4418-941a-e8bab856b025
https://www.deckenmalerei.eu/0b056fde-cf5a-4ee5-a107-bc05933adbfd,"Beichlingen, Adam von",MALE,Q25476959,0b056fde-cf5a-4ee5-a107-bc05933adbfd
https://www.deckenmalerei.eu/e02cdfc1-e4ee-429d-bfdd-d266ecfbc07a,"Sustris, Friedrich",MALE,Q67350,e02cdfc1-e4ee-429d-bfdd-d266ecfbc07a
https://www.deckenmalerei.eu/c84234af-64d5-4ed1-9869-f4ff54d0460b,"Wilhelm V., Bayern, Herzog",MALE,Q60568,c84234af-64d5-4ed1-9869-f4ff54d0460b
https://www.deckenmalerei.eu/d67d3d30-8880-4b99-8485-5ff0872599e0,"Ludwig X., Bayern-Landshut, Herzog",MALE,Q61496,d67d3d30-8880-4b99-8485-5ff0872599e0
https://www.deckenmalerei.eu/55ca4633-55a2-4e7b-a247-207c9adb2b74,"Albrecht V., Bayern, Herzog",MALE,Q60907,55ca4633-55a2-4e7b-a247-207c9adb2b74
https://www.deckenmalerei.eu/6664cf19-a7a2-48f2-9f0f-d965143edfae,"Studnitz, Hans Adam von",MALE,Q1538370,6664cf19-a7a2-48f2-9f0f-d965143edfae
https://www.deckenmalerei.eu/f399a5dc-e827-4abd-bba5-ce8f97f888fc,Graf Gerhard II. von Dernath,MALE,Q108688,f399a5dc-e827-4abd-bba5-ce8f97f888fc
https://www.deckenmalerei.eu/f12a54b6-d1ca-4696-9371-0223b5308157,"Kuhn, Johann Nikolaus",,Q1692174,f12a54b6-d1ca-4696-9371-0223b5308157
https://www.deckenmalerei.eu/3dcd8904-d068-4baf-8db1-87414af61a9c,"Greggenhofer, Georg",,Q1418010,3dcd8904-d068-4baf-8db1-87414af61a9c
https://www.deckenmalerei.eu/b54d2972-0471-4450-bdce-494934b4bbf4,"Brühl, Heinrich Graf von",MALE,Q214949,b54d2972-0471-4450-bdce-494934b4bbf4
https://www.deckenmalerei.eu/3114ca5c-f829-43a5-ba42-353956afb503,"Knöffel, Johann Christoph",MALE,Q114916,3114ca5c-f829-43a5-ba42-353956afb503
https://www.deckenmalerei.eu/a6975c53-a0d4-42a7-93b9-45b2e001664b,"Torelli, Stefano",MALE,Q468130,a6975c53-a0d4-42a7-93b9-45b2e001664b
https://www.deckenmalerei.eu/01111f66-5211-4aec-afb1-0991cfab675c,"Flachslanden, Johann Baptist Anton von",MALE,Q3163840,01111f66-5211-4aec-afb1-0991cfab675c
https://www.deckenmalerei.eu/c1ce8433-7429-4ff3-a3b0-402ee04d097a,"Ludwig Friedrich Karl, Hohenlohe-Neuenstein-Öhringen",MALE,Q11763744,c1ce8433-7429-4ff3-a3b0-402ee04d097a
https://www.deckenmalerei.eu/b06dc749-6321-46ff-a436-fa445d1090bb,"Magdalena, Hohenlohe-Weikersheim, Gräfin",FEMALE,Q75345731,b06dc749-6321-46ff-a436-fa445d1090bb
https://www.deckenmalerei.eu/8d0d3e59-7232-4c55-98b2-734fbf5cdf66,"Kern, Georg",MALE,Q94884014,8d0d3e59-7232-4c55-98b2-734fbf5cdf66
https://www.deckenmalerei.eu/ba75461c-b113-4887-8798-8eac2d8fb6fd,"Schillinger, Johann Jacob",MALE,Q55117167,ba75461c-b113-4887-8798-8eac2d8fb6fd
https://www.deckenmalerei.eu/354e8b7f-92b1-4031-8fe0-0973b47a3f42,"Saint-Non, Claude Richard",MALE,Q2305074,354e8b7f-92b1-4031-8fe0-0973b47a3f42
https://www.deckenmalerei.eu/1a927f51-17b8-46ea-bade-5ad5e8d5072a,"Robert, Hubert",MALE,Q548205,1a927f51-17b8-46ea-bade-5ad5e8d5072a
https://www.deckenmalerei.eu/f76fddf1-62c0-42d8-9194-08fecfb77b15,"Karl, Hessen-Kassel, Landgraf",MALE,Q62516,f76fddf1-62c0-42d8-9194-08fecfb77b15
https://www.deckenmalerei.eu/5b74e880-6e0d-11ea-a2e8-4df471d28874,"Harms, Johann Oswald",MALE,Q1695730,5b74e880-6e0d-11ea-a2e8-4df471d28874
https://www.deckenmalerei.eu/f8359f88-265c-4d87-b075-17a4822c05a6,"Gemmingen, Maria Anna Margaretha von, Lindau, Fürstäbtissin",FEMALE,Q1312203,f8359f88-265c-4d87-b075-17a4822c05a6
https://www.deckenmalerei.eu/2c75bd8d-e53c-4564-a1c7-baffb78763ca,"Wiedemann, Christian",MALE,Q83704976,2c75bd8d-e53c-4564-a1c7-baffb78763ca
https://www.deckenmalerei.eu/3a77f62d-c791-4561-9136-bf9f31fc5bdb,"Spiegler, Franz Josef",MALE,Q321875,3a77f62d-c791-4561-9136-bf9f31fc5bdb
https://www.deckenmalerei.eu/47902b5e-bc75-4ae0-85f2-492051153cfc,"Heinrich, Sachsen-Römhild, Herzog",MALE,Q68922,47902b5e-bc75-4ae0-85f2-492051153cfc
https://www.deckenmalerei.eu/bf2e49fd-94c9-4595-8297-620ef62eb879,"Richter, Christian (II.)",MALE,Q90887368,bf2e49fd-94c9-4595-8297-620ef62eb879
https://www.deckenmalerei.eu/c63c3673-42fa-435b-b744-396d2fcc46a1,"Sacchi, Andrea",MALE,Q495008,c63c3673-42fa-435b-b744-396d2fcc46a1
https://www.deckenmalerei.eu/2565deab-db79-48b8-8553-9cdcbe9d929b,"Fletscher, David von",MALE,Q1177430,2565deab-db79-48b8-8553-9cdcbe9d929b
https://www.deckenmalerei.eu/8aacbb21-99b7-42e3-8d99-cbc3e32478bf,"Schatz, David",MALE,Q1176511,8aacbb21-99b7-42e3-8d99-cbc3e32478bf
https://www.deckenmalerei.eu/52c2de08-f02a-4d4a-b3e7-b32443191b71,"Gengenbach, Johann Heinrich",MALE,Q1301352,52c2de08-f02a-4d4a-b3e7-b32443191b71
https://www.deckenmalerei.eu/5faa3777-950e-4fd1-826e-cefb137bd883,"Mattielli, Lorenzo",MALE,Q1455126,5faa3777-950e-4fd1-826e-cefb137bd883
https://www.deckenmalerei.eu/bfc68af2-a12f-4203-81e4-e5c35d0a2ed1,"Schwarze, Julius Heinrich",MALE,Q1712680,bfc68af2-a12f-4203-81e4-e5c35d0a2ed1
https://www.deckenmalerei.eu/08208688-c6cb-42d5-8c9d-5167d3cba95f,"Chiaveri, Gaetano",MALE,Q882194,08208688-c6cb-42d5-8c9d-5167d3cba95f
https://www.deckenmalerei.eu/58d94dab-b908-44df-a095-bfb49a25477e,"Hutin, Charles",MALE,Q2958054,58d94dab-b908-44df-a095-bfb49a25477e
https://www.deckenmalerei.eu/ee9d2516-3d33-468f-a89b-57c5d4f01425,"Maulbertsch, Franz Anton",MALE,Q689388,ee9d2516-3d33-468f-a89b-57c5d4f01425
https://www.deckenmalerei.eu/5b002319-b0b2-4de7-a47c-9784c20a9eaf,"Palko, Franz Karl",MALE,Q1449653,5b002319-b0b2-4de7-a47c-9784c20a9eaf
https://www.deckenmalerei.eu/8dd762ef-7a52-4939-9615-e77880b7fb74,"Galli da Bibiena, Giuseppe",MALE,Q872778,8dd762ef-7a52-4939-9615-e77880b7fb74
https://www.deckenmalerei.eu/b1bb2308-1d98-4058-902f-409bab85f23b,"Brabeck, Friedrich Moritz von",MALE,Q1461191,b1bb2308-1d98-4058-902f-409bab85f23b
https://www.deckenmalerei.eu/0182cf6e-9bf8-415b-acc0-4802753df6e9,"Böttner, Wilhelm",MALE,Q2572216,0182cf6e-9bf8-415b-acc0-4802753df6e9
https://www.deckenmalerei.eu/0ad8e232-3f4f-4d75-af4d-349eb873db6e,"Huck, Johannes",MALE,Q1697728,0ad8e232-3f4f-4d75-af4d-349eb873db6e
https://www.deckenmalerei.eu/21fb5536-5d93-4019-84a5-32f860111a99,"Glume, Friedrich Christian",MALE,Q1342028,21fb5536-5d93-4019-84a5-32f860111a99
https://www.deckenmalerei.eu/fd1aa622-046f-4fa1-9a76-8d12a7fdc3f7,"Baron, Karl Christian Wilhelm",MALE,Q66309438,fd1aa622-046f-4fa1-9a76-8d12a7fdc3f7
https://www.deckenmalerei.eu/fbfc87c6-9a71-419d-89e8-d491cbc03b5e,"Frisch, Johann Christoph",MALE,Q1693028,fbfc87c6-9a71-419d-89e8-d491cbc03b5e
https://www.deckenmalerei.eu/d0307872-de17-4ffb-9ddc-5a3b2e118e42,"Bock, Friedrich Wilhelm",MALE,Q94887603,d0307872-de17-4ffb-9ddc-5a3b2e118e42
https://www.deckenmalerei.eu/3e2aa9e9-c557-4bb3-9e6d-f54c9a168b16,"Meyer, Johann Friedrich",MALE,Q23054688,3e2aa9e9-c557-4bb3-9e6d-f54c9a168b16
https://www.deckenmalerei.eu/4b7f7cec-b495-4b6e-8d9a-c1a7c5d99a07,"Friedrich II., Preußen, König",MALE,Q33550,4b7f7cec-b495-4b6e-8d9a-c1a7c5d99a07
https://www.deckenmalerei.eu/cb8b321e-cd88-40e1-91b6-7fe384b10f5a,"Knobelsdorff, Georg Wenzeslaus von",MALE,Q65901,cb8b321e-cd88-40e1-91b6-7fe384b10f5a
https://www.deckenmalerei.eu/49fda84d-2ca3-400d-8e36-88d10abda75a,"Unger, Georg Christian",MALE,Q95223,49fda84d-2ca3-400d-8e36-88d10abda75a
https://www.deckenmalerei.eu/2eb6b996-dcdb-415f-bb7a-46e3f71142a9,"Persius, Friedrich Ludwig",MALE,Q700033,2eb6b996-dcdb-415f-bb7a-46e3f71142a9
https://www.deckenmalerei.eu/e866622d-5e46-4913-8b3e-a56d3fced02c,"Honthorst, Gerrit van",MALE,Q314548,e866622d-5e46-4913-8b3e-a56d3fced02c
https://www.deckenmalerei.eu/6cb4cd40-c598-11e9-9b89-139a7d3e65b8,"Anton Ulrich, Braunschweig-Lüneburg, Herzog",MALE,Q61213,6cb4cd40-c598-11e9-9b89-139a7d3e65b8
https://www.deckenmalerei.eu/35d286af-2c21-4913-9b01-cdec4708eb3c,"Ascheberg, Johann Matthias von",MALE,Q61204970,35d286af-2c21-4913-9b01-cdec4708eb3c
https://www.deckenmalerei.eu/c775a889-1409-4ec7-89f6-8e5720ac4aac,"Metz, Bernhard",MALE,Q94945278,c775a889-1409-4ec7-89f6-8e5720ac4aac
https://www.deckenmalerei.eu/bcc4f6d1-0976-4ad3-9494-24ca0b796a66,"Ascheberg, Johann Matthias Caspar von",MALE,Q29957270,bcc4f6d1-0976-4ad3-9494-24ca0b796a66
https://www.deckenmalerei.eu/1f04b94b-6fdd-48c6-b39d-75e463f96023,"Danckerts, Cornelius",MALE,Q84561557,1f04b94b-6fdd-48c6-b39d-75e463f96023
https://www.deckenmalerei.eu/8a9738cc-3341-4b8f-9625-402152994fc8,"Franz Ludwig, Pfalz-Neuburg, Fürstpropst",MALE,Q53109,8a9738cc-3341-4b8f-9625-402152994fc8
https://www.deckenmalerei.eu/1ba1ba8a-b22e-469d-bb5f-f6a4fad70f9f,"Keller, Franz",MALE,Q1447765,1ba1ba8a-b22e-469d-bb5f-f6a4fad70f9f
https://www.deckenmalerei.eu/70f4df17-39c9-47fd-9255-cf3297b48080,"Roth, Franz Joseph",MALE,Q721608,70f4df17-39c9-47fd-9255-cf3297b48080
https://www.deckenmalerei.eu/0683e28b-7f65-40e5-b9c9-3eb00d4a9d04,"Scheffler, Christoph Thomas",MALE,Q821147,0683e28b-7f65-40e5-b9c9-3eb00d4a9d04
https://www.deckenmalerei.eu/7aece7c0-e1a7-4e15-bb67-ac971dc26998,"Johann Christoph IV. , Adelmann Adelmannsfelden, Fürstpropst",MALE,Q1692995,7aece7c0-e1a7-4e15-bb67-ac971dc26998
https://www.deckenmalerei.eu/3fbf0f73-8cb4-4f28-81aa-c259081d4f53,"Hausen, Wolfgang, Fürstprobst",MALE,Q1752068,3fbf0f73-8cb4-4f28-81aa-c259081d4f53
https://www.deckenmalerei.eu/338b5c51-2ce4-42f2-9db6-1c91f2d606a4,"Johann Jakob Blarer, Wartensee, Fürstpropst",MALE,Q1572222,338b5c51-2ce4-42f2-9db6-1c91f2d606a4
https://www.deckenmalerei.eu/fa9577ad-86a5-4992-babf-58046339d932,"Heinrich, bei Rhein, Pfalzgraf",MALE,Q86138,fa9577ad-86a5-4992-babf-58046339d932
https://www.deckenmalerei.eu/0eab211a-de65-47c6-a060-aff516df7e96,"Johann Christoph, Westerstetten, Fürstpropst",MALE,Q1167762,0eab211a-de65-47c6-a060-aff516df7e96
https://www.deckenmalerei.eu/ab1a992a-bb8a-4a28-ba00-d204909c2f27,"Johann Rudolf, Rechberg, Fürstpropst",MALE,Q1696040,ab1a992a-bb8a-4a28-ba00-d204909c2f27
https://www.deckenmalerei.eu/23348f9f-015f-4d0e-a503-97120600a752,"Johann Christoph, Augsburg, Bischof",MALE,Q1693099,23348f9f-015f-4d0e-a503-97120600a752
https://www.deckenmalerei.eu/86d5c4a4-df37-4271-b863-be2da010192e,"Ludwig-Anton, Pfalz-Neuburg, Fürstpropst",MALE,Q67431,86d5c4a4-df37-4271-b863-be2da010192e
https://www.deckenmalerei.eu/d6962517-d1d6-4917-9c49-fdf8441446f1,"Paulus, Melchior",MALE,Q56006844,d6962517-d1d6-4917-9c49-fdf8441446f1
https://www.deckenmalerei.eu/82405d33-3908-44cc-942e-28b91fdc7e24,"Fürstenberg, Joseph Wenzel, Graf",MALE,Q1708228,82405d33-3908-44cc-942e-28b91fdc7e24
https://www.deckenmalerei.eu/bbc4becf-fd76-4aa1-99b5-0beb982dc177,"Asam, Egid Quirin",MALE,Q639579,bbc4becf-fd76-4aa1-99b5-0beb982dc177
https://www.deckenmalerei.eu/343583ad-8335-4caa-ba6c-cdcd7f766c79,"Hartgen, Maria Julia",FEMALE,Q95210316,343583ad-8335-4caa-ba6c-cdcd7f766c79
https://www.deckenmalerei.eu/ea4da0a9-bf47-4fca-8962-24e1a53ad001,"De Bruin, Cornelis",MALE,Q2535359,ea4da0a9-bf47-4fca-8962-24e1a53ad001
https://www.deckenmalerei.eu/b611f8f2-2e8e-4908-bded-68cc75ebf190,"Lafréry, Antoine",MALE,Q602742,b611f8f2-2e8e-4908-bded-68cc75ebf190
https://www.deckenmalerei.eu/81d555a0-d4e0-4e77-bffb-0cced8a1127d,"Dapper, Olfert",MALE,Q2804625,81d555a0-d4e0-4e77-bffb-0cced8a1127d
https://www.deckenmalerei.eu/84ec4d47-ae87-442c-98bb-32535f75d575,"Sandrart, Joachim von",MALE,Q551624,84ec4d47-ae87-442c-98bb-32535f75d575
https://www.deckenmalerei.eu/a7ba7b4d-2cf4-414d-b376-60dd1394005f,"Oiselius, Jacobus",MALE,Q21545895,a7ba7b4d-2cf4-414d-b376-60dd1394005f
https://www.deckenmalerei.eu/d365cdb5-266b-4ea7-9114-f1e3bf202349,"Panvinio, Onofrio",,Q1771889,d365cdb5-266b-4ea7-9114-f1e3bf202349
https://www.deckenmalerei.eu/9bb48fad-99f6-4327-bc42-a81112d6fb1c,"Dupérac, Étienne",MALE,Q289626,9bb48fad-99f6-4327-bc42-a81112d6fb1c
https://www.deckenmalerei.eu/41be378b-3053-4522-91a2-dfb6e88669a6,"Weigel, Johann Christoph",MALE,Q16739600,41be378b-3053-4522-91a2-dfb6e88669a6
https://www.deckenmalerei.eu/d260c2b9-2cc0-4ea3-8245-9d321c4d523a,"Vries, Hans Vredeman de",MALE,Q944332,d260c2b9-2cc0-4ea3-8245-9d321c4d523a
https://www.deckenmalerei.eu/89ec19a7-ef26-421e-a116-4cc6fbf2bf36,"Vogel, Franz Joseph",MALE,Q17353059,89ec19a7-ef26-421e-a116-4cc6fbf2bf36
https://www.deckenmalerei.eu/846704fc-95b3-4f19-b787-aca6874b6cf8,"Bender, Blasius III.",MALE,Q15526065,846704fc-95b3-4f19-b787-aca6874b6cf8
https://www.deckenmalerei.eu/94d17a98-28ca-49c5-b8d1-1dfd931c7370,"Rabaliatti, Bartolomeo",MALE,Q96100258,94d17a98-28ca-49c5-b8d1-1dfd931c7370
https://www.deckenmalerei.eu/9b92f76f-33f2-4cc9-ae00-528bc3a22e3c,"Nagel, Franz Christoph",MALE,Q1446478,9b92f76f-33f2-4cc9-ae00-528bc3a22e3c
https://www.deckenmalerei.eu/1ed09915-148b-4748-9997-12686e00dccb,"Wehmer, Justus",MALE,Q1714557,1ed09915-148b-4748-9997-12686e00dccb
https://www.deckenmalerei.eu/417c3ab7-f4df-4637-8e42-a0339cc09760,"Stratmann, Joseph",MALE,Q590809,417c3ab7-f4df-4637-8e42-a0339cc09760
https://www.deckenmalerei.eu/591d98d0-c4d9-11e9-b73c-931fa1e429a3,"Kleinhans, Franz Xaver",MALE,Q1449663,591d98d0-c4d9-11e9-b73c-931fa1e429a3
https://www.deckenmalerei.eu/87a4fa60-c7f2-11e9-99f3-c9e55f39fadd,"Günther, Matthäus",MALE,Q463504,87a4fa60-c7f2-11e9-99f3-c9e55f39fadd
https://www.deckenmalerei.eu/fed4e906-a285-4b81-928d-4932727531e9,"Fachbach, Jens",MALE,Q95339255,fed4e906-a285-4b81-928d-4932727531e9
https://www.deckenmalerei.eu/7844a817-db84-4e39-b934-88f138afd656,"Rousseau, François",MALE,Q14078857,7844a817-db84-4e39-b934-88f138afd656
https://www.deckenmalerei.eu/34117338-b65f-4a51-adc9-dfee6d23bfea,"Salm-Reifferscheidt-Dyck, Ernst Salentin zu",MALE,Q55238383,34117338-b65f-4a51-adc9-dfee6d23bfea
https://www.deckenmalerei.eu/2346f7fe-240f-4777-b2fd-92e0e6702fd0,"Salm-Reifferscheidt-Dyck, Joseph zu",MALE,Q62938,2346f7fe-240f-4777-b2fd-92e0e6702fd0
https://www.deckenmalerei.eu/f10e8852-01d3-4265-99c7-ce6961cfe1a5,"Lairesse, Gérard de",MALE,Q533958,f10e8852-01d3-4265-99c7-ce6961cfe1a5
https://www.deckenmalerei.eu/b9736c49-4251-4df9-8b4d-5043b88f7164,"Benkert, Johann Peter",MALE,Q1695777,b9736c49-4251-4df9-8b4d-5043b88f7164
https://www.deckenmalerei.eu/311c52db-47f9-4243-95aa-9a4eb5702c9f,"Heymüller, Johann Gottlieb",MALE,Q1331039,311c52db-47f9-4243-95aa-9a4eb5702c9f
https://www.deckenmalerei.eu/cca05a69-a34c-4fd0-9eef-49daea8efb48,"Friedrich Wilhelm III., Preußen, König",MALE,Q37134,cca05a69-a34c-4fd0-9eef-49daea8efb48
https://www.deckenmalerei.eu/66781fba-547c-40bf-93ec-28181e6d2a34,"Heinrich, Preußen, Prinz",MALE,Q50993,66781fba-547c-40bf-93ec-28181e6d2a34
https://www.deckenmalerei.eu/f9299c49-6fae-4442-a803-6432ecaf97e7,"Guglielmi, Gregorio",MALE,Q2703298,f9299c49-6fae-4442-a803-6432ecaf97e7
https://www.deckenmalerei.eu/362dea1d-6ee1-40d0-bbdf-3e4f4af3488c,"Bouman, Jan, der Ältere",MALE,Q788800,362dea1d-6ee1-40d0-bbdf-3e4f4af3488c
https://www.deckenmalerei.eu/60dedc0b-bbad-4baa-8df4-e701971f3e05,"Van Loo, Amédée",MALE,Q128954,60dedc0b-bbad-4baa-8df4-e701971f3e05
https://www.deckenmalerei.eu/f13d2a6a-4cbf-4b51-a678-0c977a0d1a73,"Rhetz, Levin August von",MALE,Q94942894,f13d2a6a-4cbf-4b51-a678-0c977a0d1a73
https://www.deckenmalerei.eu/34420e15-5aa7-4d86-8732-90276d4c2434,"Ludwig Wilhelm, Baden-Baden, Markgraf",MALE,Q58755,34420e15-5aa7-4d86-8732-90276d4c2434
https://www.deckenmalerei.eu/fd87e93f-91a8-4402-ba45-b4defa3e53db,"Rossi, Domenico Egidio",MALE,Q315781,fd87e93f-91a8-4402-ba45-b4defa3e53db
https://www.deckenmalerei.eu/379a905b-81a6-46f2-8443-b2d5c24d2f14,"Artaria, Giuseppe",MALE,Q18576265,379a905b-81a6-46f2-8443-b2d5c24d2f14
https://www.deckenmalerei.eu/d0c618b5-8958-4654-96c7-32ee87de81d0,"Hiebel, Johann",MALE,Q19800659,d0c618b5-8958-4654-96c7-32ee87de81d0
https://www.deckenmalerei.eu/30ff7926-506f-4110-b2e7-5d03a539d2b6,"Onghers, Jan",MALE,Q65963375,30ff7926-506f-4110-b2e7-5d03a539d2b6
https://www.deckenmalerei.eu/8441dd70-6857-4d30-880e-e5e404cd2c69,"Artari, Giovanni Battista",MALE,Q96345056,8441dd70-6857-4d30-880e-e5e404cd2c69
https://www.deckenmalerei.eu/fd33283c-3f45-4f05-85a5-0ba479e8b0c6,"Roli, Giuseppe Maria",MALE,Q27881200,fd33283c-3f45-4f05-85a5-0ba479e8b0c6
https://www.deckenmalerei.eu/0a45ed73-6aec-4919-a9f0-d5dd5cc9cc14,"Daßler, Reinhard",MALE,Q1286976,0a45ed73-6aec-4919-a9f0-d5dd5cc9cc14
https://www.deckenmalerei.eu/e86ee190-3bbc-474a-8f6f-f6c836ac457f,"Schütz, Johann",MALE,Q1698396,e86ee190-3bbc-474a-8f6f-f6c836ac457f
https://www.deckenmalerei.eu/f9fc8531-6a0b-4fe5-ae73-5076da579005,"Dorigny, Michel",MALE,Q3309511,f9fc8531-6a0b-4fe5-ae73-5076da579005
https://www.deckenmalerei.eu/db28e772-4995-4387-8856-7e20a58bb961,"Vouet, Simon",MALE,Q317920,db28e772-4995-4387-8856-7e20a58bb961
https://www.deckenmalerei.eu/82402159-36d9-40ff-924c-ffb9c7a0fe5a,"Küsel, Matthäus",MALE,Q33136405,82402159-36d9-40ff-924c-ffb9c7a0fe5a
https://www.deckenmalerei.eu/ae31e0cf-1beb-4c78-a4c4-8b826fc2206b,"Schnurbein, Markus IV von, Freiherr",MALE,Q55884663,ae31e0cf-1beb-4c78-a4c4-8b826fc2206b
https://www.deckenmalerei.eu/7260b0a1-0fa5-4f52-ad74-8325f004f115,"Hößlin, Sebastian Balthasar von",MALE,Q2262578,7260b0a1-0fa5-4f52-ad74-8325f004f115
https://www.deckenmalerei.eu/d5eb4a7c-7f39-4a63-8b7d-242ee554afbd,"Huber, Johann Joseph Anton",MALE,Q1694998,d5eb4a7c-7f39-4a63-8b7d-242ee554afbd
https://www.deckenmalerei.eu/b6ca30c1-9f8e-49dd-9ab7-14037ecdeb52,"Michelangelo, Buonarroti",MALE,Q5592,b6ca30c1-9f8e-49dd-9ab7-14037ecdeb52
https://www.deckenmalerei.eu/2bde7544-629a-4a94-b3d8-c01be880f998,"Keith, Georg, Lordmarschall",MALE,Q541388,2bde7544-629a-4a94-b3d8-c01be880f998
https://www.deckenmalerei.eu/5c03dd29-1231-4087-ba24-de4eee64250e,"Manger, Heinrich Ludwig",MALE,Q1598216,5c03dd29-1231-4087-ba24-de4eee64250e
https://www.deckenmalerei.eu/a5ba9e2b-e5fb-4cf6-a277-d3b96032bad7,"Zimmermann, Johann Baptist",MALE,Q536529,a5ba9e2b-e5fb-4cf6-a277-d3b96032bad7
https://www.deckenmalerei.eu/74097d42-b0d7-4283-bb54-ee87948e27a2,"Anderson, Johann, d. Ä.",MALE,Q1692339,74097d42-b0d7-4283-bb54-ee87948e27a2
https://www.deckenmalerei.eu/a8cd33a5-95d6-4b67-b874-299b1efdb0ae,"Brenno, Carlo Enrico",MALE,Q78059380,a8cd33a5-95d6-4b67-b874-299b1efdb0ae
https://www.deckenmalerei.eu/85513ce7-0dcc-43f3-b704-7e50381739d5,"Matthäus, Salzburg, Erzbischof",MALE,Q534002,85513ce7-0dcc-43f3-b704-7e50381739d5
https://www.deckenmalerei.eu/0af9eb12-8174-4e45-9293-48d9583b11e6,"Fugger von Babenhausen, Leopold",MALE,Q55850154,0af9eb12-8174-4e45-9293-48d9583b11e6
https://www.deckenmalerei.eu/872767b5-76a6-4a34-96fa-9d970cda0068,"Lederer, Johann Georg",MALE,Q1693889,872767b5-76a6-4a34-96fa-9d970cda0068
https://www.deckenmalerei.eu/12331537-a290-4420-97c7-2bc5527a2aae,"Fugger von Nordendorf, Maria Antonia",FEMALE,Q59622078,12331537-a290-4420-97c7-2bc5527a2aae
https://www.deckenmalerei.eu/a1e5f90a-c41a-4fe6-94b1-638879f81f6b,"Schmuzer, Mathias",MALE,Q1425210,a1e5f90a-c41a-4fe6-94b1-638879f81f6b
https://www.deckenmalerei.eu/e90d75c8-ec79-4777-bd26-a328ee29a011,"Schönfeld, Johann Heinrich",MALE,Q278623,e90d75c8-ec79-4777-bd26-a328ee29a011
https://www.deckenmalerei.eu/e4dc1290-9f2f-4d88-81df-208ce488f580,"Friedrich III., Sachsen, Kurfürst",MALE,Q77233,e4dc1290-9f2f-4d88-81df-208ce488f580
https://www.deckenmalerei.eu/5f902e60-8a01-4daf-b127-f9a0550e8cb1,"Burioni, Matteo",MALE,Q107300454,5f902e60-8a01-4daf-b127-f9a0550e8cb1
https://www.deckenmalerei.eu/81692041-d3c7-4c82-8401-5cac22357428,"August, der Starke, Kurfürst-König, Sachsen, Polen",MALE,Q53437,81692041-d3c7-4c82-8401-5cac22357428
https://www.deckenmalerei.eu/80c8f4f8-592f-44a8-8b6c-4ceac3eb17a1,"Maria Josepha, Polen, Königin",FEMALE,Q84276,80c8f4f8-592f-44a8-8b6c-4ceac3eb17a1
https://www.deckenmalerei.eu/7b9e4776-01a7-4b85-b455-b29d730aec0b,"Naumann, Johann Christoph von",MALE,Q100228,7b9e4776-01a7-4b85-b455-b29d730aec0b
https://www.deckenmalerei.eu/f60d1d33-f544-4330-8f7a-cb4d82bbbc20,"Silvestre, Louis de",MALE,Q729087,f60d1d33-f544-4330-8f7a-cb4d82bbbc20
https://www.deckenmalerei.eu/bcce45d3-f8e5-4dd5-8d81-2074d9645291,"Grone, Giovanni Battista",MALE,Q1390687,bcce45d3-f8e5-4dd5-8d81-2074d9645291
https://www.deckenmalerei.eu/3a05a0a2-a788-421b-9822-9783de8fa56d,"Moritz, Sachsen-Zeitz, Herzog",MALE,Q565445,3a05a0a2-a788-421b-9822-9783de8fa56d
https://www.deckenmalerei.eu/2aecfffd-068d-4f09-95b2-ef5e889dc9ea,"Richter, Johann Moritz, der Jüngere",MALE,Q1695615,2aecfffd-068d-4f09-95b2-ef5e889dc9ea
https://www.deckenmalerei.eu/0ad33f9b-cac3-4b56-a30b-f1a7e0b0c8be,"Richter, Johann Moritz, der Ältere",MALE,Q1285159,0ad33f9b-cac3-4b56-a30b-f1a7e0b0c8be
https://www.deckenmalerei.eu/300c83e6-2c60-4598-8b59-4cbb93c7dde4,"Dorothea Maria, Sachsen-Zeitz, Herzogin",FEMALE,Q324837,300c83e6-2c60-4598-8b59-4cbb93c7dde4
https://www.deckenmalerei.eu/f600535f-671d-4f35-8dbb-ed27e15a8e80,"Richter, Wilhelm",MALE,Q106548550,f600535f-671d-4f35-8dbb-ed27e15a8e80
https://www.deckenmalerei.eu/2b57d8e5-1272-4394-a043-f4372097507d,"Hellbrunn, Johann Georg",MALE,Q17123824,2b57d8e5-1272-4394-a043-f4372097507d
https://www.deckenmalerei.eu/30119eeb-e043-4ea0-a26b-a7489956d7fd,"Seckendorff, Veit Ludwig von",MALE,Q531628,30119eeb-e043-4ea0-a26b-a7489956d7fd
https://www.deckenmalerei.eu/20b9b15d-3f58-42b0-acd8-92e3969a272e,"Seckendorff, Friedrich Heinrich von",MALE,Q215148,20b9b15d-3f58-42b0-acd8-92e3969a272e
https://www.deckenmalerei.eu/0b8cbb89-509c-4276-843b-031da3ac038b,"Fechter, Johann Jakob",MALE,Q1694803,0b8cbb89-509c-4276-843b-031da3ac038b
https://www.deckenmalerei.eu/5e55d264-5092-4b79-ba0f-dca48384b282,"Saum, Georg",MALE,Q1505822,5e55d264-5092-4b79-ba0f-dca48384b282
https://www.deckenmalerei.eu/6fedabf0-c5aa-11e9-b229-6b499a37f581,"Velen zu Velen, Hermann Anton Bernhard von",MALE,Q61658390,6fedabf0-c5aa-11e9-b229-6b499a37f581
https://www.deckenmalerei.eu/45d2f7c3-fb6b-4745-8642-cc7b19015982,"Bianchini, Francesco",MALE,Q1440942,45d2f7c3-fb6b-4745-8642-cc7b19015982
https://www.deckenmalerei.eu/57a1c768-d3ed-41bb-8b93-ceaf1d6ed71d,"Vernet, Claude Joseph",MALE,Q315819,57a1c768-d3ed-41bb-8b93-ceaf1d6ed71d
https://www.deckenmalerei.eu/cb7719f9-11a9-486f-a849-b2a16eb3a1b8,"Zocha, Karl Friedrich",MALE,Q1038156,cb7719f9-11a9-486f-a849-b2a16eb3a1b8
https://www.deckenmalerei.eu/0117645d-63ea-4543-8f3e-60ba72cd3e0a,"Steingruber, Johann David",MALE,Q1693214,0117645d-63ea-4543-8f3e-60ba72cd3e0a
https://www.deckenmalerei.eu/4318e02b-9e1d-4b67-baed-f50189d17bc3,"Gout, Johann Franz",MALE,Q53501650,4318e02b-9e1d-4b67-baed-f50189d17bc3
https://www.deckenmalerei.eu/862561e6-b06f-47b2-8a7b-0fa85d8dd8ff,"Schwarz, Christoph",MALE,Q322029,862561e6-b06f-47b2-8a7b-0fa85d8dd8ff
https://www.deckenmalerei.eu/d6608d2b-d547-412d-a156-f6336a51b181,"Rottenhammer, Hans",MALE,Q559004,d6608d2b-d547-412d-a156-f6336a51b181
https://www.deckenmalerei.eu/c86a4e01-85d1-4c6a-a61c-a5b2d90e00c5,"Hopffe, Johannes",MALE,Q20051037,c86a4e01-85d1-4c6a-a61c-a5b2d90e00c5
https://www.deckenmalerei.eu/b4d28023-0b10-4fde-88b6-cf41ad763f79,"Boten, Anton",MALE,Q15783658,b4d28023-0b10-4fde-88b6-cf41ad763f79
https://www.deckenmalerei.eu/628961bf-53df-46f7-90ac-cdd178c8e9f0,"Gärtner, Christoph",MALE,Q46998382,628961bf-53df-46f7-90ac-cdd178c8e9f0
https://www.deckenmalerei.eu/9d41ba88-b0a4-4d6a-83fd-ad066e93e821,"Ernst III., Schaumburg, Fürst",MALE,Q782868,9d41ba88-b0a4-4d6a-83fd-ad066e93e821
https://www.deckenmalerei.eu/6732223a-ef5b-4e88-bd15-3b77cb51f3fe,"Kölling, Jacob",MALE,Q112448745,6732223a-ef5b-4e88-bd15-3b77cb51f3fe
https://www.deckenmalerei.eu/e8f2b426-4f30-49da-9d27-245a465939d4,"Heintz, Joseph, d. Ä.",MALE,Q535474,e8f2b426-4f30-49da-9d27-245a465939d4
https://www.deckenmalerei.eu/7250f45a-ef4e-4ea8-824f-abd3fd6d1fb7,"Wolf, Ebert",MALE,Q19502173,7250f45a-ef4e-4ea8-824f-abd3fd6d1fb7
https://www.deckenmalerei.eu/012f60cb-c2bf-46f9-8ce7-1adcb9805dea,"Wolf, Jonas",MALE,Q19502175,012f60cb-c2bf-46f9-8ce7-1adcb9805dea
https://www.deckenmalerei.eu/96e6be6e-9b04-4098-b017-1c272dfc717e,"Wullekopf, Ernst",MALE,Q66439763,96e6be6e-9b04-4098-b017-1c272dfc717e
https://www.deckenmalerei.eu/5a51bca4-064d-4428-ac83-c03014ccccfa,"La Roche, Emanuel",MALE,Q1334702,5a51bca4-064d-4428-ac83-c03014ccccfa
https://www.deckenmalerei.eu/87f819f7-aab1-4409-b99c-eb04dbb82818,"Dietterlin, Wendel",MALE,Q314147,87f819f7-aab1-4409-b99c-eb04dbb82818
https://www.deckenmalerei.eu/9370ae61-9b6e-47be-9ad7-666aaee550de,"Sadeler, Johann",MALE,Q3161745,9370ae61-9b6e-47be-9ad7-666aaee550de
https://www.deckenmalerei.eu/ad5262f4-b27d-4e86-af82-f25b6158f334,"Bry, Theodor de",MALE,Q708961,ad5262f4-b27d-4e86-af82-f25b6158f334
https://www.deckenmalerei.eu/3ac774b6-d9ea-4728-a100-5cfd6bfbb788,"Bruyn, Nicolaes de",MALE,Q7029366,3ac774b6-d9ea-4728-a100-5cfd6bfbb788
https://www.deckenmalerei.eu/d907b852-6374-46f9-b167-f41366aa4c8d,"Goltzius, Hendrick",MALE,Q165367,d907b852-6374-46f9-b167-f41366aa4c8d
https://www.deckenmalerei.eu/d7741aac-a759-42cd-826f-0fb10f23d7d2,"Collaert, Adriaen",MALE,Q2825010,d7741aac-a759-42cd-826f-0fb10f23d7d2
https://www.deckenmalerei.eu/c0eeb714-bda2-43b2-a455-34c59cb231f7,"Bloemaert, Abraham",MALE,Q329811,c0eeb714-bda2-43b2-a455-34c59cb231f7
https://www.deckenmalerei.eu/b01a58c1-5df1-4168-8bb1-5d97020b371b,"Matham, Jacob",MALE,Q577044,b01a58c1-5df1-4168-8bb1-5d97020b371b
https://www.deckenmalerei.eu/a91f181c-3297-467e-a1d2-eb02ea58ef44,"Viani, Antonio Maria",MALE,Q3619845,a91f181c-3297-467e-a1d2-eb02ea58ef44
https://www.deckenmalerei.eu/96d366f5-e4b3-4e2e-9121-34d22a48b544,"Sadeler, Aegidius II.",MALE,Q1297898,96d366f5-e4b3-4e2e-9121-34d22a48b544
https://www.deckenmalerei.eu/6dd525e0-2d1b-47d6-8c60-ca9b2fcf94e3,"Spranger, Bartholomäus",MALE,Q447682,6dd525e0-2d1b-47d6-8c60-ca9b2fcf94e3
https://www.deckenmalerei.eu/6687959b-beac-496a-bfa8-3cba1faa8759,"Candid, Peter",MALE,Q315803,6687959b-beac-496a-bfa8-3cba1faa8759
https://www.deckenmalerei.eu/439baa64-496d-4acc-aef2-598d3df03f27,"Passe, Crispyn de, Der Ältere",MALE,Q140096,439baa64-496d-4acc-aef2-598d3df03f27
https://www.deckenmalerei.eu/a25ff1d2-3c8d-4d06-a26b-97d0e022bfdb,"Sadeler, Raphael",MALE,Q18292675,a25ff1d2-3c8d-4d06-a26b-97d0e022bfdb
https://www.deckenmalerei.eu/a51156d6-aefd-466c-853d-84ca920d748d,"Ludwig Günther II., Schwarzburg-Rudolstadt, Fürst",MALE,Q73343,a51156d6-aefd-466c-853d-84ca920d748d
https://www.deckenmalerei.eu/405ab2ef-2ed0-4536-90c0-3287cee60a22,"Rousseau, Johann Jakob",MALE,Q6527,405ab2ef-2ed0-4536-90c0-3287cee60a22
https://www.deckenmalerei.eu/b11005d8-57bc-472f-95e6-5b9c43421d30,"Audran, Gérard",MALE,Q707239,b11005d8-57bc-472f-95e6-5b9c43421d30
https://www.deckenmalerei.eu/766bf48a-4f99-48f2-ace8-050b4bc2fd26,"Mignard, Pierre",MALE,Q360010,766bf48a-4f99-48f2-ace8-050b4bc2fd26
https://www.deckenmalerei.eu/a2a30500-c7ed-11e9-91e0-9bbdba1c3ce9,"Cuvilliés, François de",MALE,Q60739,a2a30500-c7ed-11e9-91e0-9bbdba1c3ce9
https://www.deckenmalerei.eu/3a7b0cc6-2fdc-493c-89eb-4b45b060e059,"Borcht, Petrus van der",MALE,Q2094286,3a7b0cc6-2fdc-493c-89eb-4b45b060e059
https://www.deckenmalerei.eu/b9b8e971-6284-4ce6-ab80-5098d8df69cb,"August, Herzog von Sachsen-Weißenfels",MALE,Q680131,b9b8e971-6284-4ce6-ab80-5098d8df69cb
https://www.deckenmalerei.eu/b64cc1bd-59af-4d1f-baca-a76196358e99,"Johann Adolf I., Herzog von Sachsen-Weißenfels",MALE,Q67779,b64cc1bd-59af-4d1f-baca-a76196358e99
https://www.deckenmalerei.eu/cee9b746-2180-4044-86bc-b4899f8d72a2,"Pitzler, Christoph",MALE,Q27860285,cee9b746-2180-4044-86bc-b4899f8d72a2
https://www.deckenmalerei.eu/95701975-a774-4480-923f-af9a4d42fde1,"Böhme, Johann Heinrich",MALE,Q94797598,95701975-a774-4480-923f-af9a4d42fde1
https://www.deckenmalerei.eu/56e75089-99c9-49ee-86d1-8993d6cb5198,"Oswald, Patritius",MALE,Q26988730,56e75089-99c9-49ee-86d1-8993d6cb5198
https://www.deckenmalerei.eu/626779f5-a6be-48b9-9d75-e1b8c8a44525,"Erler, Franz Anton",MALE,Q55901316,626779f5-a6be-48b9-9d75-e1b8c8a44525
https://www.deckenmalerei.eu/1b0103b0-c58e-11e9-9a28-879a4ed5a2e2,"Augusta, Braunschweig-Lüneburg, Herzogin",FEMALE,Q238458,1b0103b0-c58e-11e9-9a28-879a4ed5a2e2
https://www.deckenmalerei.eu/016297d0-c58d-11e9-9a28-879a4ed5a2e2,"Karl Wilhelm Ferdinand, Braunschweig-Wolfenbüttel, Herzog",MALE,Q58773,016297d0-c58d-11e9-9a28-879a4ed5a2e2
https://www.deckenmalerei.eu/5ea40960-c58d-11e9-9a28-879a4ed5a2e2,"Langwagen, Christian Gottlob",MALE,Q1079997,5ea40960-c58d-11e9-9a28-879a4ed5a2e2
https://www.deckenmalerei.eu/36911850-c58d-11e9-9a28-879a4ed5a2e2,"Fleischer, Karl Christoph Wilhelm",MALE,Q1037344,36911850-c58d-11e9-9a28-879a4ed5a2e2
https://www.deckenmalerei.eu/1a7d2780-c5ab-11e9-b229-6b499a37f581,"Wilhelm, Braunschweig-Lüneburg, Herzog",MALE,Q62667,1a7d2780-c5ab-11e9-b229-6b499a37f581
https://www.deckenmalerei.eu/ff359a20-c596-11e9-9b89-139a7d3e65b8,"Querfurt, Tobias, der Ältere",MALE,Q2437964,ff359a20-c596-11e9-9b89-139a7d3e65b8
https://www.deckenmalerei.eu/5cd021d0-6e04-11ea-abfa-a5e9beee4aba,"Lauterbach, Johann Balthasar",MALE,Q1692492,5cd021d0-6e04-11ea-abfa-a5e9beee4aba
https://www.deckenmalerei.eu/7932faf1-656c-4684-b099-d01f19f82314,"Luhn, Joachim",MALE,Q16672426,7932faf1-656c-4684-b099-d01f19f82314
https://www.deckenmalerei.eu/e477371a-d961-456c-bab2-9156e785e0a7,"Straßburger, August Friedrich",MALE,Q118312791,e477371a-d961-456c-bab2-9156e785e0a7
https://www.deckenmalerei.eu/9cb939ec-293c-4b99-9072-e65bca232437,"Feuerlein, Johann Peter",MALE,Q42180669,9cb939ec-293c-4b99-9072-e65bca232437
https://www.deckenmalerei.eu/5719620a-6726-4e5c-9b47-e14758641afb,"Werthern, Georg von",MALE,Q9267209,5719620a-6726-4e5c-9b47-e14758641afb
https://www.deckenmalerei.eu/339fb6c0-e63c-4880-ad29-f3c466204f07,"Hoyer, Erich",MALE,Q28085218,339fb6c0-e63c-4880-ad29-f3c466204f07
https://www.deckenmalerei.eu/9bffeb77-e411-486d-8a51-33ae21fb86c6,"Friedrich II., Hessen-Kassel, Landgraf",MALE,Q454473,9bffeb77-e411-486d-8a51-33ae21fb86c6
https://www.deckenmalerei.eu/dc97f2c2-b844-4507-b98a-cefdfa90caf6,"Philippine, Hessen-Kassel, Landgräfin",FEMALE,Q449181,dc97f2c2-b844-4507-b98a-cefdfa90caf6
https://www.deckenmalerei.eu/5205fabe-fd7f-45e9-b23e-1fca7df7191a,"Wintzingerode, Georg Ernst Levin von",MALE,Q1504153,5205fabe-fd7f-45e9-b23e-1fca7df7191a
https://www.deckenmalerei.eu/dea605b3-ffaa-4ac0-b6d7-e70d385f746e,"Seif, Linus",MALE,Q1827081,dea605b3-ffaa-4ac0-b6d7-e70d385f746e
https://www.deckenmalerei.eu/0d6fbfec-a774-45b8-aa5e-69bff9b26cb9,"Schreckenstein, Honorius Roth von",MALE,Q14635279,0d6fbfec-a774-45b8-aa5e-69bff9b26cb9
https://www.deckenmalerei.eu/d5b0f603-885e-4334-af17-48b4e848be43,"Monnot, Pierre Etienne",MALE,Q3383614,d5b0f603-885e-4334-af17-48b4e848be43
https://www.deckenmalerei.eu/ac5ebe3f-72c5-46cd-9119-2c2e846b07a9,"Correggio, Antonio Allegri da",MALE,Q8457,ac5ebe3f-72c5-46cd-9119-2c2e846b07a9
https://www.deckenmalerei.eu/0a3e30b5-b044-4e1a-b7a7-12fc2b72fa9d,"Schubert, Peter",MALE,Q2078207,0a3e30b5-b044-4e1a-b7a7-12fc2b72fa9d
https://www.deckenmalerei.eu/e6e04e5a-243d-4499-add2-ed53ebef453a,"Lenné, Peter Joseph",MALE,Q26671246,e6e04e5a-243d-4499-add2-ed53ebef453a
https://www.deckenmalerei.eu/d1195eba-9141-4141-92eb-62275f9cc9de,"Godeau, Simon",MALE,Q94914407,d1195eba-9141-4141-92eb-62275f9cc9de
https://www.deckenmalerei.eu/4930680a-acc2-4956-8cba-24b964d763e8,"Eyserbeck, Johann August",MALE,Q1662775,4930680a-acc2-4956-8cba-24b964d763e8
https://www.deckenmalerei.eu/b53d62d5-8d9c-48a7-b8bf-52af0484656c,"Friedrich Wilhelm II., Preußen, König",MALE,Q152229,b53d62d5-8d9c-48a7-b8bf-52af0484656c
https://www.deckenmalerei.eu/97e8879e-b60a-4fdc-9295-2550ac06b973,"Friedrich Wilhelm IV., Preußen, König",MALE,Q57180,97e8879e-b60a-4fdc-9295-2550ac06b973
https://www.deckenmalerei.eu/88e0aad3-49ff-41a4-baac-004080daf10d,"Sophie Charlotte, Preußen, Königin",FEMALE,Q57674,88e0aad3-49ff-41a4-baac-004080daf10d
https://www.deckenmalerei.eu/2e2d7d86-6ac8-48ab-96b3-a1594c66f442,"Nahl, Johann August, der Ältere",MALE,Q466047,2e2d7d86-6ac8-48ab-96b3-a1594c66f442
https://www.deckenmalerei.eu/c4ef1342-b19a-4874-b295-d4a4f90e7131,"Eosander, Johann Friedrich von",MALE,Q880660,c4ef1342-b19a-4874-b295-d4a4f90e7131
https://www.deckenmalerei.eu/aa04bc49-af43-4268-add1-edbcab962755,"Langhans, Carl Gotthard",MALE,Q313181,aa04bc49-af43-4268-add1-edbcab962755
https://www.deckenmalerei.eu/2335f617-cf04-4bc6-95e3-d3dacb18968f,"Schinkel, Karl Friedrich",MALE,Q151759,2335f617-cf04-4bc6-95e3-d3dacb18968f
https://www.deckenmalerei.eu/e2a05f56-cc2a-44ef-bdb8-cc7b44ed5e79,"Harper, Johann",MALE,Q1340044,e2a05f56-cc2a-44ef-bdb8-cc7b44ed5e79
https://www.deckenmalerei.eu/84027d0d-d829-4bc0-8be6-38a5ab033ce5,"Dubuisson, Augustin",MALE,Q50342606,84027d0d-d829-4bc0-8be6-38a5ab033ce5
https://www.deckenmalerei.eu/597f4503-ade2-475d-9406-96a09d430833,"Pesne, Antoine",MALE,Q203758,597f4503-ade2-475d-9406-96a09d430833
https://www.deckenmalerei.eu/4e91a446-6025-4fe0-a8ef-95b82416678f,"Höder, Friedrich Wilhelm",MALE,Q1463017,4e91a446-6025-4fe0-a8ef-95b82416678f
https://www.deckenmalerei.eu/cf295025-dabc-446e-9ed4-92ff9df9079c,"Hoppenhaupt, Johann Christian, der Jüngere",MALE,Q1692928,cf295025-dabc-446e-9ed4-92ff9df9079c
https://www.deckenmalerei.eu/ad200144-091a-47c3-b627-060c83743315,"Hoppenhaupt, Johann Michael, der Ältere",MALE,Q1695552,ad200144-091a-47c3-b627-060c83743315
https://www.deckenmalerei.eu/1595da8f-83c0-4eaa-8675-2d576f47a001,"Luise, Preußen, Königin",FEMALE,Q156723,1595da8f-83c0-4eaa-8675-2d576f47a001
https://www.deckenmalerei.eu/82c73314-ff4d-49d0-aade-0ff81bea2490,"Lancret, Nicolas",MALE,Q188172,82c73314-ff4d-49d0-aade-0ff81bea2490
https://www.deckenmalerei.eu/57fcca73-1450-4322-8a7c-4992ec16591d,"Dietrich, Christian Wilhelm Ernst",MALE,Q536581,57fcca73-1450-4322-8a7c-4992ec16591d
https://www.deckenmalerei.eu/1c228d26-416c-4fed-b15e-e98cc94f6da7,"Verona, Bartolomeo",MALE,Q23000759,1c228d26-416c-4fed-b15e-e98cc94f6da7
https://www.deckenmalerei.eu/8ad29bf2-951c-4b04-a7c1-42cf1da5c92d,"Kimpfel, Johann Christoph",MALE,Q1693037,8ad29bf2-951c-4b04-a7c1-42cf1da5c92d
https://www.deckenmalerei.eu/f022d8e6-4d5f-4bf6-a9a4-ad953751f318,"Coxcie, Anthonie",MALE,Q18510047,f022d8e6-4d5f-4bf6-a9a4-ad953751f318
https://www.deckenmalerei.eu/b8c6f733-772c-4a33-b459-dd94103ac4bf,"Wentzel, Johann Friedrich",MALE,Q1693685,b8c6f733-772c-4a33-b459-dd94103ac4bf
https://www.deckenmalerei.eu/b04cfe8e-381b-4e43-ab57-693faaad1947,"Schoonjans, Anthoni",MALE,Q572587,b04cfe8e-381b-4e43-ab57-693faaad1947
https://www.deckenmalerei.eu/9288633b-ea19-430a-b34d-c18e4038d399,"Terwesten, Augustin, der Ältere",MALE,Q2234746,9288633b-ea19-430a-b34d-c18e4038d399
https://www.deckenmalerei.eu/755d5348-fa85-41b3-a8fc-76fafc7b1057,"Terwesten, Matthäus",MALE,Q1889803,755d5348-fa85-41b3-a8fc-76fafc7b1057
https://www.deckenmalerei.eu/fb6f89ae-84a0-49b8-9f91-e241045ae4e4,"Grünberg, Martin",MALE,Q102055,fb6f89ae-84a0-49b8-9f91-e241045ae4e4
https://www.deckenmalerei.eu/bfc2aeb7-bcaf-41a1-a970-bb96fc572a7f,"Besser, Johann von",MALE,Q1696751,bfc2aeb7-bcaf-41a1-a970-bb96fc572a7f
https://www.deckenmalerei.eu/35269ccc-1d17-4e38-a098-3095cb214126,"Weidemann, Friedrich Wilhelm",MALE,Q1463255,35269ccc-1d17-4e38-a098-3095cb214126
https://www.deckenmalerei.eu/eb252afe-ac80-40d5-aaeb-682f3d761c90,"Sophie Luise, Preußen, Königin",FEMALE,Q64996,eb252afe-ac80-40d5-aaeb-682f3d761c90
https://www.deckenmalerei.eu/91b3d855-b637-43bd-a7b2-2d4df39da129,"Bérain, Jean",MALE,Q1373528,91b3d855-b637-43bd-a7b2-2d4df39da129
https://www.deckenmalerei.eu/802d180c-ac03-4ba4-8bbc-eb682c2aa3e4,"Sophie Dorothea, Preußen, Königin",FEMALE,Q161131,802d180c-ac03-4ba4-8bbc-eb682c2aa3e4
https://www.deckenmalerei.eu/cc97df5d-1878-4a21-bac9-732a6be7a856,"Schnitger, Arp",MALE,Q94825895,cc97df5d-1878-4a21-bac9-732a6be7a856
https://www.deckenmalerei.eu/e2de6746-acf4-4536-94a1-61f77612e502,"Menestrier, Claude François",MALE,Q687932,e2de6746-acf4-4536-94a1-61f77612e502
https://www.deckenmalerei.eu/de2e06fd-3778-4c39-b0ef-54e51fcea261,"Ehrenstrahl, David Klöcker",MALE,Q902649,de2e06fd-3778-4c39-b0ef-54e51fcea261
https://www.deckenmalerei.eu/0a12fa60-4f52-44c1-b4ea-e764f356d7f6,"Chauveau, René",MALE,Q5607236,0a12fa60-4f52-44c1-b4ea-e764f356d7f6
https://www.deckenmalerei.eu/b4cfe34b-cbc8-4fe3-b06e-113ae3731b5a,"Peuker, Wolfgang",MALE,Q2590836,b4cfe34b-cbc8-4fe3-b06e-113ae3731b5a
https://www.deckenmalerei.eu/8b99d5c4-0dad-47e1-80a7-3c0a943c88bf,"Bose, Georg Heinrich",MALE,Q15811726,8b99d5c4-0dad-47e1-80a7-3c0a943c88bf
https://www.deckenmalerei.eu/c034b172-6439-49b1-b995-edcdaafc0e97,"Bodt, Jean de",MALE,Q102284,c034b172-6439-49b1-b995-edcdaafc0e97
https://www.deckenmalerei.eu/36e7c3f1-4f0e-41ca-8c85-b8c53560148a,"Dorothea Sophie, Brandenburg, Kurfürstin",FEMALE,Q65933,36e7c3f1-4f0e-41ca-8c85-b8c53560148a
https://www.deckenmalerei.eu/5a2e60e8-f00c-4817-af96-825e79739cff,"Memhardt, Johann Gregor",MALE,Q86782,5a2e60e8-f00c-4817-af96-825e79739cff
https://www.deckenmalerei.eu/c24bd948-9e34-41a0-bd40-6edf0270bf82,"Friedrich Wilhelm I., Brandenburg, Kurfürst",MALE,Q152727,c24bd948-9e34-41a0-bd40-6edf0270bf82
https://www.deckenmalerei.eu/8a1fd48a-9420-4f43-bb1a-09d68fa3472e,"Kambly, Johann Melchior",MALE,Q1418504,8a1fd48a-9420-4f43-bb1a-09d68fa3472e
https://www.deckenmalerei.eu/7a10f14a-3321-4729-aa4b-5f60dc5d9ad3,"Friedrich Wilhelm I., Preußen, König",MALE,Q105013,7a10f14a-3321-4729-aa4b-5f60dc5d9ad3
https://www.deckenmalerei.eu/c9ec3ae4-8b02-47aa-a93d-907ca3a838a1,"Schaffgotsch, Philipp Gotthard von",MALE,Q216095,c9ec3ae4-8b02-47aa-a93d-907ca3a838a1
https://www.deckenmalerei.eu/2dbf3c47-ce6b-4f7b-8def-98e384add591,"Maupertuis, Pierre Louis Moreau de",MALE,Q164374,2dbf3c47-ce6b-4f7b-8def-98e384add591
https://www.deckenmalerei.eu/429b02f4-ee3e-46ee-b097-2dae9a867fee,"Thulden, Theodoor van",MALE,Q260817,429b02f4-ee3e-46ee-b097-2dae9a867fee
https://www.deckenmalerei.eu/5f6888f9-b057-440d-888a-86648d2beaa1,"Leygebe, Paul Carl",MALE,Q18508571,5f6888f9-b057-440d-888a-86648d2beaa1
https://www.deckenmalerei.eu/69e4c27b-22fc-45c1-b002-11ae43341043,"Langerfeld, Wilhelm",MALE,Q94791456,69e4c27b-22fc-45c1-b002-11ae43341043
https://www.deckenmalerei.eu/24375868-721b-4fa7-814e-396f37c6fb42,"Stuber, Nikolaus Gottfried",MALE,Q1320838,24375868-721b-4fa7-814e-396f37c6fb42
https://www.deckenmalerei.eu/3315f45a-508d-4dde-bf8b-d99514c48f35,"Königsfeld, Johann Georg Joseph von",MALE,Q1670764,3315f45a-508d-4dde-bf8b-d99514c48f35
https://www.deckenmalerei.eu/9de3f06e-f671-4489-9a44-a888b8a7e1f5,"Sanzio, Raffaello",MALE,Q5597,9de3f06e-f671-4489-9a44-a888b8a7e1f5
https://www.deckenmalerei.eu/4dee263d-e601-4f6d-a522-f207769f8236,"Friedrich Adolf, Lippe-Detmold, Graf zur",MALE,Q85473,4dee263d-e601-4f6d-a522-f207769f8236
https://www.deckenmalerei.eu/8c3aa02e-b0bd-4d75-b572-f56615494697,"Rundt, Hans Hinrich",MALE,Q1580267,8c3aa02e-b0bd-4d75-b572-f56615494697
https://www.deckenmalerei.eu/c320316f-2201-476f-a342-30a2cd5c1d6d,"Closter, Haro Joachim von",MALE,Q95281442,c320316f-2201-476f-a342-30a2cd5c1d6d
https://www.deckenmalerei.eu/cc2ed020-c4dc-11e9-b73c-931fa1e429a3,"Verhelst, Placidus",MALE,Q55896457,cc2ed020-c4dc-11e9-b73c-931fa1e429a3
https://www.deckenmalerei.eu/882a97a0-c4dd-11e9-8192-ad3662e9da66,"Bergmüller, Johann Georg",MALE,Q551709,882a97a0-c4dd-11e9-8192-ad3662e9da66
https://www.deckenmalerei.eu/6d98c080-c4db-11e9-b73c-931fa1e429a3,"Zisenis, Johann Georg",MALE,Q655329,6d98c080-c4db-11e9-b73c-931fa1e429a3
https://www.deckenmalerei.eu/6815f730-c4dc-11e9-b73c-931fa1e429a3,"Derichs, Sophonias de",MALE,Q5620617,6815f730-c4dc-11e9-b73c-931fa1e429a3
https://www.deckenmalerei.eu/28ea7830-c593-11e9-9a28-879a4ed5a2e2,"Alexander Sigismund, Augsburg, Fürstbischof",MALE,Q84632,28ea7830-c593-11e9-9a28-879a4ed5a2e2
https://www.deckenmalerei.eu/118ce9b0-c594-11e9-9b89-139a7d3e65b8,"Joseph von Hessen-Darmstadt, Augsburg, Fürstbischof",MALE,Q1707293,118ce9b0-c594-11e9-9b89-139a7d3e65b8
https://www.deckenmalerei.eu/c85aff00-c590-11e9-9a28-879a4ed5a2e2,"Ettl, Johann Benedikt",MALE,Q1481332,c85aff00-c590-11e9-9a28-879a4ed5a2e2
https://www.deckenmalerei.eu/752e5220-c4b7-11e9-a787-75de7068cfba,"Brenner, Valerian",MALE,Q2508766,752e5220-c4b7-11e9-a787-75de7068cfba
https://www.deckenmalerei.eu/185132c0-c4da-11e9-b73c-931fa1e429a3,"Ingerl, Ignaz",MALE,Q1657461,185132c0-c4da-11e9-b73c-931fa1e429a3
https://www.deckenmalerei.eu/e96ca44e-635a-429d-b18c-2ca9dbe054e9,"Enderle, Johann Baptist",MALE,Q1692520,e96ca44e-635a-429d-b18c-2ca9dbe054e9
https://www.deckenmalerei.eu/076e9bc1-27ff-49e6-8974-82241adc18d1,"Binder, Matthias",MALE,Q11494126,076e9bc1-27ff-49e6-8974-82241adc18d1
https://www.deckenmalerei.eu/4dda5f03-41ff-42e8-a6e9-79bdb6891c60,"Cellarius, Hermann Wilhelm",MALE,Q38473372,4dda5f03-41ff-42e8-a6e9-79bdb6891c60
https://www.deckenmalerei.eu/7c5995b4-2832-4f7d-9d8b-c39d71466b79,"Nahl, Samuel",MALE,Q18617676,7c5995b4-2832-4f7d-9d8b-c39d71466b79
https://www.deckenmalerei.eu/714caa0b-c9dd-4fc1-be72-f33f2b5f0721,"Böhme, Martin Heinrich",MALE,Q1300376,714caa0b-c9dd-4fc1-be72-f33f2b5f0721
https://www.deckenmalerei.eu/5e69f5d5-786b-489d-b4e9-04d575cc6b99,"Raschdorff, Julius",MALE,Q69715,5e69f5d5-786b-489d-b4e9-04d575cc6b99
https://www.deckenmalerei.eu/a3c3802b-38cd-440d-8648-271a39c60bb1,"Rode, Bernhard",MALE,Q465314,a3c3802b-38cd-440d-8648-271a39c60bb1
https://www.deckenmalerei.eu/157e6ab1-d3b0-418d-8382-f37c609e5309,"Gericke, Samuel Theodor",MALE,Q1263643,157e6ab1-d3b0-418d-8382-f37c609e5309
https://www.deckenmalerei.eu/9afaea56-a455-49c2-a040-a26e936a6462,"Boyle, Robert",MALE,Q43393,9afaea56-a455-49c2-a040-a26e936a6462
https://www.deckenmalerei.eu/34946d30-ea25-40ae-99f0-463c0e298c34,"Stahl, Georg Ernst",MALE,Q102252795,34946d30-ea25-40ae-99f0-463c0e298c34
https://www.deckenmalerei.eu/3258d93c-a5c4-422c-a0f7-55bf1e9d53cb,"Kirch, Gottfried",MALE,Q62317,3258d93c-a5c4-422c-a0f7-55bf1e9d53cb
https://www.deckenmalerei.eu/4b329597-ee2e-4d4f-8c95-952d2e0d139b,"Friedrich Wilhelm, Brandenburg, Kurfürst",MALE,Q152727,4b329597-ee2e-4d4f-8c95-952d2e0d139b
https://www.deckenmalerei.eu/f2a2ae51-8eb5-4cf9-b29d-e4f1f51e4069,"Johann Georg, Brandenburg, Kurfürst",MALE,Q505918,f2a2ae51-8eb5-4cf9-b29d-e4f1f51e4069
https://www.deckenmalerei.eu/b259466a-e303-46c2-b793-8ec949bc58e1,"Elisabeth Magdalene, Braunschweig-Lüneburg, Herzogin",FEMALE,Q1330110,b259466a-e303-46c2-b793-8ec949bc58e1
https://www.deckenmalerei.eu/b6ef95a7-b0b6-470c-9da0-dc12c0837701,"Johann Georg, Brandenburg, Markgraf",MALE,Q72586,b6ef95a7-b0b6-470c-9da0-dc12c0837701
https://www.deckenmalerei.eu/ab888556-f42d-415b-9c99-41bb1fd9d4ef,"Loir, Nicolas Pierre",MALE,Q3340535,ab888556-f42d-415b-9c99-41bb1fd9d4ef
https://www.deckenmalerei.eu/1e461d89-61f9-462c-adfd-4db1593f8852,"Kilian, Wolfgang",MALE,Q998339,1e461d89-61f9-462c-adfd-4db1593f8852
https://www.deckenmalerei.eu/066f5486-ff3f-431c-b93c-f5d6c3581699,"Beger, Lorenz",MALE,Q91124,066f5486-ff3f-431c-b93c-f5d6c3581699
https://www.deckenmalerei.eu/f87ecb83-7757-473c-8803-f9ff682d33a0,"Ludwig XIV., Frankreich, König",MALE,Q7742,f87ecb83-7757-473c-8803-f9ff682d33a0
https://www.deckenmalerei.eu/dfc0e2b3-bfd4-42e6-8989-3317f47e8303,"Bartsch, Johann Gottfried",MALE,Q38205258,dfc0e2b3-bfd4-42e6-8989-3317f47e8303
https://www.deckenmalerei.eu/a105ec20-d86d-4f19-a1fd-a26caac7c422,"Oranien, Friedrich Heinrich von",MALE,Q167236,a105ec20-d86d-4f19-a1fd-a26caac7c422
https://www.deckenmalerei.eu/98499e77-d64b-482e-b622-8b9a02d638ff,"Willmann, Michael Lukas Leopold",MALE,Q564143,98499e77-d64b-482e-b622-8b9a02d638ff
https://www.deckenmalerei.eu/5a17c5fa-efd9-4f6d-a6b8-bf5bb1f658e2,"Hainhofer, Philipp",MALE,Q88048,5a17c5fa-efd9-4f6d-a6b8-bf5bb1f658e2
https://www.deckenmalerei.eu/2afdb734-f935-46b4-9b11-751b88281285,"Wilhelm I., Niederlande, König",MALE,Q2079957,2afdb734-f935-46b4-9b11-751b88281285
https://www.deckenmalerei.eu/ba35ecd5-32a4-48b0-8789-6b6a38b2c2ee,"Karl Emil, Brandenburg, Kurprinz",MALE,Q87093,ba35ecd5-32a4-48b0-8789-6b6a38b2c2ee
https://www.deckenmalerei.eu/8a6670b6-613d-4bd0-973d-c1f66e0d3253,"Albrecht Achilles III., Brandenburg, Kurfürst",MALE,Q453771,8a6670b6-613d-4bd0-973d-c1f66e0d3253
https://www.deckenmalerei.eu/6fa2e88a-5978-43e9-a45a-c73c233ac13c,"Oranien, Luise Henriette von",FEMALE,Q196301,6fa2e88a-5978-43e9-a45a-c73c233ac13c
https://www.deckenmalerei.eu/86cbfc99-82d2-44c2-943b-7f88347c29dc,"Dagly, Gérard",MALE,Q55876081,86cbfc99-82d2-44c2-943b-7f88347c29dc
https://www.deckenmalerei.eu/4ca71ca1-1817-4083-bfd3-03da8223ab0f,"Schlitz-Görtz, Johann Eustach Graf von",MALE,Q98177,4ca71ca1-1817-4083-bfd3-03da8223ab0f
https://www.deckenmalerei.eu/2d907958-75d9-481e-8bc1-4b3799fa5517,"Begas, Reinhold",MALE,Q603105,2d907958-75d9-481e-8bc1-4b3799fa5517
https://www.deckenmalerei.eu/d04c5743-7d5c-41ff-a8b0-46c0c6b5aa75,"Stüler, Friedrich August",MALE,Q61256,d04c5743-7d5c-41ff-a8b0-46c0c6b5aa75
https://www.deckenmalerei.eu/658e97cd-47be-487c-a2ab-1bfc667e8f3a,"Hesse, Ludwig Ferdinand",MALE,Q119264,658e97cd-47be-487c-a2ab-1bfc667e8f3a
https://www.deckenmalerei.eu/0b98a7b5-6f8b-4b2d-a436-e10b047f3863,"Ihne, Ernst von",MALE,Q315281,0b98a7b5-6f8b-4b2d-a436-e10b047f3863
https://www.deckenmalerei.eu/0946da69-6fce-42dc-a921-f84de0fd0f4f,"Schadow, Albrecht Dietrich",MALE,Q103319,0946da69-6fce-42dc-a921-f84de0fd0f4f
https://www.deckenmalerei.eu/b121c2d1-ebe3-47df-bc52-64c5ea3a6f57,"Aschenbrenner, Michael",MALE,Q102316347,b121c2d1-ebe3-47df-bc52-64c5ea3a6f57
https://www.deckenmalerei.eu/b562f213-8122-4d0a-a2bc-8258fac8bd4c,"Johann Cicero, Brandenburg, Kurfürst",MALE,Q702209,b562f213-8122-4d0a-a2bc-8258fac8bd4c
https://www.deckenmalerei.eu/ac5ce9c6-2a1f-4633-9589-a81df1a4d9c0,"Johann Sigismund, Brandenburg, Kurfürst",MALE,Q40746,ac5ce9c6-2a1f-4633-9589-a81df1a4d9c0
https://www.deckenmalerei.eu/7ebf7eea-7630-401f-90c1-40267fcd7d0e,"Johann Friedrich I., Sachsen, Kurfürst",MALE,Q506182,7ebf7eea-7630-401f-90c1-40267fcd7d0e
https://www.deckenmalerei.eu/3cabdd99-89a2-4def-b40b-c4fd68dd0c38,"Joachim Hektor II., Brandenburg, Kurfürst",MALE,Q506527,3cabdd99-89a2-4def-b40b-c4fd68dd0c38
https://www.deckenmalerei.eu/24e9fdbb-711e-436f-ac9b-348eb71d6bf3,"Georg Wilhelm, Brandenburg, Kurfürst",MALE,Q166675,24e9fdbb-711e-436f-ac9b-348eb71d6bf3
https://www.deckenmalerei.eu/0d11dffd-a50f-439c-96bb-14d31c7608a6,"Friedrich II., Brandenburg, Kurfürst",MALE,Q701736,0d11dffd-a50f-439c-96bb-14d31c7608a6
https://www.deckenmalerei.eu/a91e266b-438c-41c7-b2c8-621d37b85124,"Kummer, Peter",MALE,Q98426012,a91e266b-438c-41c7-b2c8-621d37b85124
https://www.deckenmalerei.eu/8a857cfd-ed6d-46da-8ec8-6e26118b312c,"Lynar , Guerini Rochus von, Graf",MALE,Q1344511,8a857cfd-ed6d-46da-8ec8-6e26118b312c
https://www.deckenmalerei.eu/721f81e8-fbc9-4e61-ad5e-b3f8e3304256,"Theiß, Caspar",MALE,Q1048047,721f81e8-fbc9-4e61-ad5e-b3f8e3304256
https://www.deckenmalerei.eu/3a05cb16-d449-4cad-afd0-02c1f193b964,"Krebs, Konrad",MALE,Q108738,3a05cb16-d449-4cad-afd0-02c1f193b964
https://www.deckenmalerei.eu/1e2bbe69-2b4a-46ed-a0de-023651b10d2f,"Wilhelm II., Deutsches Reich, Kaiser",MALE,Q2677,1e2bbe69-2b4a-46ed-a0de-023651b10d2f
https://www.deckenmalerei.eu/eb3973c2-e7b0-45bc-8c08-c84f4429b59c,"Ulbricht, Walter",MALE,Q2628,eb3973c2-e7b0-45bc-8c08-c84f4429b59c
https://www.deckenmalerei.eu/d83db312-11b2-4cac-8bec-15a528e1940d,"Stella, Franco",MALE,Q13455339,d83db312-11b2-4cac-8bec-15a528e1940d
https://www.deckenmalerei.eu/a1e1e260-cc70-493f-9d3e-604b09d3e735,"Swora, Karl-Ernst",MALE,Q115689100,a1e1e260-cc70-493f-9d3e-604b09d3e735
https://www.deckenmalerei.eu/5b2e9508-7470-4b81-9c72-1740cd1164ca,"Graffunder, Heinz",MALE,Q318781,5b2e9508-7470-4b81-9c72-1740cd1164ca
https://www.deckenmalerei.eu/fae3aba1-0467-4304-bcb5-d11892f74620,"Clemens August, Bayern, Hochmeister Kurfürst",MALE,Q215086,fae3aba1-0467-4304-bcb5-d11892f74620
https://www.deckenmalerei.eu/9648cf9f-e93c-4ffc-92fe-26467b3da9fc,"Veronese, Paolo",MALE,Q9440,9648cf9f-e93c-4ffc-92fe-26467b3da9fc
https://www.deckenmalerei.eu/e9c923c0-c4c7-11e9-8385-59bf93401dce,"Fischer, Reinhard Ferdinand Heinrich",MALE,Q2140685,e9c923c0-c4c7-11e9-8385-59bf93401dce
https://www.deckenmalerei.eu/24dfa377-3a4e-438b-90bb-ea73772e2378,"Lamparter, Hans",MALE,Q94787601,24dfa377-3a4e-438b-90bb-ea73772e2378
https://www.deckenmalerei.eu/447ed6ee-5318-4ba6-b66d-7e0e60c0187d,"Seekatz, Johann Martin",MALE,Q1695453,447ed6ee-5318-4ba6-b66d-7e0e60c0187d
https://www.deckenmalerei.eu/a70d2d74-94e7-45e6-8299-fcdc1ea7f0e2,"Georg II. Karl Ludwig, Leiningen-Westerburg-Neuleiningen, Graf",MALE,Q31191740,a70d2d74-94e7-45e6-8299-fcdc1ea7f0e2
https://www.deckenmalerei.eu/f94934a3-0721-46c7-8c67-6ffa2e036c4a,"Tischbein, Johann Valentin",MALE,Q316691,f94934a3-0721-46c7-8c67-6ffa2e036c4a
https://www.deckenmalerei.eu/d8218b4b-ad7d-40a5-a20b-2aa2a50cb096,"Ernst Friedrich I., Sachsen-Hildburghausen, Herzog",MALE,Q169080,d8218b4b-ad7d-40a5-a20b-2aa2a50cb096
https://www.deckenmalerei.eu/cd2170b2-9f44-4d01-bcab-22dbf0a7bb48,"Ernst Friedrich II., Sachsen-Hildburghausen, Herzog",MALE,Q570512,cd2170b2-9f44-4d01-bcab-22dbf0a7bb48
https://www.deckenmalerei.eu/b37dc3c1-0937-4590-81a1-417236c78641,"Ernst Friedrich III., Sachsen-Hildburghausen, Herzog",MALE,Q699476,b37dc3c1-0937-4590-81a1-417236c78641
https://www.deckenmalerei.eu/6adb84e4-eec8-4f78-9fda-3b87741bd6dc,"Ernst, Sachsen-Hildburghausen, Herzog",MALE,Q657591,6adb84e4-eec8-4f78-9fda-3b87741bd6dc
https://www.deckenmalerei.eu/1c00d7dd-bbf3-445e-a087-1db388acfb9e,"Friedrich, Sachsen-Altenburg, Herzog",MALE,Q215903,1c00d7dd-bbf3-445e-a087-1db388acfb9e
https://www.deckenmalerei.eu/3e841d9f-5ea6-4db0-b9f1-e7549d1e62bc,"Gedeler, Elias",MALE,Q21714737,3e841d9f-5ea6-4db0-b9f1-e7549d1e62bc
https://www.deckenmalerei.eu/1889afbd-06d7-402b-9246-1b6a48d0c225,"Murrer, Johann",MALE,Q28049274,1889afbd-06d7-402b-9246-1b6a48d0c225
https://www.deckenmalerei.eu/8e152a20-c5f2-11e9-95a0-131a80945c0c,"Bobenhausen, Heinrich von",MALE,Q560804,8e152a20-c5f2-11e9-95a0-131a80945c0c
https://www.deckenmalerei.eu/65ba74c3-a02e-4af8-a3db-f404911d4fad,"Hund von Wenkheim, Georg",MALE,Q571507,65ba74c3-a02e-4af8-a3db-f404911d4fad
https://www.deckenmalerei.eu/2b44e2d3-53a0-4979-9ac0-d8a98b297b24,"Berwart, Blasius",MALE,Q9384296,2b44e2d3-53a0-4979-9ac0-d8a98b297b24
https://www.deckenmalerei.eu/8cd25a47-a25c-4958-9a6a-6b3911227290,"Pittoni, Giovanni Battista",MALE,Q982011,8cd25a47-a25c-4958-9a6a-6b3911227290
https://www.deckenmalerei.eu/610bebc6-a16f-4e2d-8ff1-a859ca2ad3a7,"Dorigny, Nicolas",MALE,Q512727,610bebc6-a16f-4e2d-8ff1-a859ca2ad3a7
https://www.deckenmalerei.eu/265399a0-730c-4489-9bb3-4c7e2d399db0,"Ferri, Ciro",MALE,Q975452,265399a0-730c-4489-9bb3-4c7e2d399db0
https://www.deckenmalerei.eu/c422f7d4-d1a1-487a-a51b-3c078511eb88,"Bambini, Nicolò",MALE,Q1111424,c422f7d4-d1a1-487a-a51b-3c078511eb88
https://www.deckenmalerei.eu/b0014f8d-08e9-4758-8a6f-bd8de031a9bc,"Günther XLI., Schwarzburg, Graf",MALE,Q90957,b0014f8d-08e9-4758-8a6f-bd8de031a9bc
https://www.deckenmalerei.eu/ac2fc9ff-7c38-429b-a599-016a8cc1a676,"Wilhelm, Schwarzburg, Graf",MALE,Q1505862,ac2fc9ff-7c38-429b-a599-016a8cc1a676
https://www.deckenmalerei.eu/6f2fb1fa-66f9-4f00-877d-483c1d84be61,"Clara, Schwarzburg-Frankenhausen, Gräfin",MALE,Q55875345,6f2fb1fa-66f9-4f00-877d-483c1d84be61
https://www.deckenmalerei.eu/fc43185c-b4ca-44e3-83c4-2d28768a120b,"Karl, Nassau-Usingen, Fürst",MALE,Q475936,fc43185c-b4ca-44e3-83c4-2d28768a120b
https://www.deckenmalerei.eu/b7953cac-2c90-4982-a3f2-5249523d925f,"Karl Wilhelm, Nassau-Usingen, Fürst",MALE,Q181553,b7953cac-2c90-4982-a3f2-5249523d925f
https://www.deckenmalerei.eu/55814224-d9c3-4cb0-876c-22f7987fa7c2,"Walrad, Nassau-Usingen, Fürst",MALE,Q475950,55814224-d9c3-4cb0-876c-22f7987fa7c2
https://www.deckenmalerei.eu/1bfde43e-689e-48fa-8076-3bdbee0b6fce,"Stengel, Friedrich Joachim",MALE,Q91920,1bfde43e-689e-48fa-8076-3bdbee0b6fce
https://www.deckenmalerei.eu/b31771b8-eb1c-4955-93f5-9e0602cca37f,"Leitenstorffer, Franz Anton von",MALE,Q16006198,b31771b8-eb1c-4955-93f5-9e0602cca37f
https://www.deckenmalerei.eu/fa20bf0e-fb90-48c1-aa03-454e6ce97ee5,"Feuchtmayer, Joseph Anton",MALE,Q323434,fa20bf0e-fb90-48c1-aa03-454e6ce97ee5
https://www.deckenmalerei.eu/9ec3899b-bbeb-488b-8498-cb99596b787a,"Retti, Leopoldo",MALE,Q1819959,9ec3899b-bbeb-488b-8498-cb99596b787a
https://www.deckenmalerei.eu/80d66bb0-c4c8-11e9-8385-59bf93401dce,"Hetsch, Philipp Friedrich von",MALE,Q878171,80d66bb0-c4c8-11e9-8385-59bf93401dce
https://www.deckenmalerei.eu/72f433e4-228d-4478-b6b0-2875e074f564,"Coypel, Charles-Antoine",MALE,Q113536,72f433e4-228d-4478-b6b0-2875e074f564
https://www.deckenmalerei.eu/c186c695-9e42-40ce-8804-a3453a84ab0a,"Cesio, Carlo",MALE,Q2918353,c186c695-9e42-40ce-8804-a3453a84ab0a
https://www.deckenmalerei.eu/68199071-1469-4f9e-85f2-4ec243fd99c3,"Albert Anton, Schwarzburg-Rudolstadt, Graf",MALE,Q69960,68199071-1469-4f9e-85f2-4ec243fd99c3
https://www.deckenmalerei.eu/c4c6bbd4-f40e-49de-80e2-24bdfb3a1d15,"Modler, Johann Baptist",MALE,Q1692571,c4c6bbd4-f40e-49de-80e2-24bdfb3a1d15
https://www.deckenmalerei.eu/5beab2eb-7bb2-44e4-ab84-04b5b4e00ec3,"Unruhe, Johann Georg",MALE,Q1693980,5beab2eb-7bb2-44e4-ab84-04b5b4e00ec3
https://www.deckenmalerei.eu/859fa6f0-c812-11e9-926e-ffd9c599064a,"Leopold Ernst, Passau, Bischof",MALE,Q85063,859fa6f0-c812-11e9-926e-ffd9c599064a
https://www.deckenmalerei.eu/2b256520-c7e5-11e9-91e0-9bbdba1c3ce9,"Lamberg, Joseph Dominikus Graf von",MALE,Q86887,2b256520-c7e5-11e9-91e0-9bbdba1c3ce9
https://www.deckenmalerei.eu/d8230379-ccf2-4ce4-bfd3-dbb411e3e409,"Hefele, Melchior",MALE,Q572057,d8230379-ccf2-4ce4-bfd3-dbb411e3e409
https://www.deckenmalerei.eu/385caa9e-60a5-42ca-a45f-d697ffb256e9,"Pawanger, Jakob",MALE,Q1307196,385caa9e-60a5-42ca-a45f-d697ffb256e9
https://www.deckenmalerei.eu/dc125de9-3668-45e1-962e-3137c607412e,"Rösel von Rosenhof, Franz",MALE,Q21529674,dc125de9-3668-45e1-962e-3137c607412e
https://www.deckenmalerei.eu/27e112ba-305a-43c6-916d-e917d5f4c6a5,"Rottmayr, Johann Michael",MALE,Q674772,27e112ba-305a-43c6-916d-e917d5f4c6a5
https://www.deckenmalerei.eu/bf8bf309-12e6-49fe-b77c-1a5dfdd5e09f,"Wiedemann, Michael",MALE,Q104759111,bf8bf309-12e6-49fe-b77c-1a5dfdd5e09f
https://www.deckenmalerei.eu/593928d6-3d0b-4d62-82b1-e4760ed8cda1,"Glückher, Johann Georg",MALE,Q94824251,593928d6-3d0b-4d62-82b1-e4760ed8cda1
https://www.deckenmalerei.eu/c1194631-2f6f-4130-a54f-a1c1a0fed4a0,"Veen, Otto van",MALE,Q785355,c1194631-2f6f-4130-a54f-a1c1a0fed4a0
https://www.deckenmalerei.eu/e315e1ff-eb4d-46fd-9807-620631707e89,"Rembrandt, Rijn van",MALE,Q5598,e315e1ff-eb4d-46fd-9807-620631707e89
https://www.deckenmalerei.eu/265e3a39-dfef-4693-b0dd-c62d7cb85956,"Richter, Johann Adolf",MALE,Q64589575,265e3a39-dfef-4693-b0dd-c62d7cb85956
https://www.deckenmalerei.eu/3105d1cf-643d-43cf-8bd4-59626f3d2f63,"Christian IV., Pfalz-Zweibrücken, Herzog",MALE,Q64603,3105d1cf-643d-43cf-8bd4-59626f3d2f63
https://www.deckenmalerei.eu/e383e915-be55-430c-a4ce-6d38cc92a628,"Sundahl, Jonas Erickson",MALE,Q1702936,e383e915-be55-430c-a4ce-6d38cc92a628
https://www.deckenmalerei.eu/d63c52a0-c594-11e9-9b89-139a7d3e65b8,"Steinberg, Friedrich von",MALE,Q94911915,d63c52a0-c594-11e9-9b89-139a7d3e65b8
https://www.deckenmalerei.eu/bb736eea-eecc-4c52-9817-dd273a8abd74,"Pfalz-Zweibrücken, Friedrich Michael von",MALE,Q61780,bb736eea-eecc-4c52-9817-dd273a8abd74
https://www.deckenmalerei.eu/d6e1f708-c7b7-489d-b490-18b13c731cf6,"Wilhelm Ernst, Sachsen-Weimar, Herzog",MALE,Q62659,d6e1f708-c7b7-489d-b490-18b13c731cf6
https://www.deckenmalerei.eu/a200f05d-f51f-4ed5-90b3-83d425d23e40,"Biarelle, Johann Adolf",MALE,Q95305090,a200f05d-f51f-4ed5-90b3-83d425d23e40
https://www.deckenmalerei.eu/7969fef0-c7f7-11e9-b70b-d3ef6d0103b8,"Desmarées, Georg",MALE,Q707378,7969fef0-c7f7-11e9-b70b-d3ef6d0103b8
https://www.deckenmalerei.eu/07b08b15-242b-434f-9148-d9ce2ef10f06,"Helmont, Johann Franz van",MALE,Q105523415,07b08b15-242b-434f-9148-d9ce2ef10f06
https://www.deckenmalerei.eu/9bb0789e-ef44-400f-b6e0-4eb3850347ba,"Bens, Christiane",FEMALE,Q23059260,9bb0789e-ef44-400f-b6e0-4eb3850347ba
https://www.deckenmalerei.eu/47ff62dd-edf3-434f-8c7f-688d6c44f423,"August, Sachsen, Kurfürst",MALE,Q435016,47ff62dd-edf3-434f-8c7f-688d6c44f423
https://www.deckenmalerei.eu/e7590e67-f15d-4b5d-abcd-7705008c6fd9,"Göding, Heinrich",MALE,Q28503699,e7590e67-f15d-4b5d-abcd-7705008c6fd9
https://www.deckenmalerei.eu/a2fb62f2-44a7-4946-b90f-d5e1ae561864,"Anton III. Ulrich, Montfort, Graf",MALE,Q590489,a2fb62f2-44a7-4946-b90f-d5e1ae561864
https://www.deckenmalerei.eu/9e8116c2-f888-4580-b3be-4109dbe4e8a3,"Maximilian Ernst, Montfort",FEMALE,Q50828388,9e8116c2-f888-4580-b3be-4109dbe4e8a3
https://www.deckenmalerei.eu/bcafbf5b-3177-4aec-9d48-1dc1fbb627d7,"Welsch, Maximilian von",MALE,Q88651,bcafbf5b-3177-4aec-9d48-1dc1fbb627d7
https://www.deckenmalerei.eu/6944fa10-cf7f-4017-bd73-b71e0d03958c,"Emele, Jakob",MALE,Q1678993,6944fa10-cf7f-4017-bd73-b71e0d03958c
https://www.deckenmalerei.eu/74b2cdc2-95ac-4156-b99d-2fe61fa802f8,"Gigl, Johann Caspar",MALE,Q15821311,74b2cdc2-95ac-4156-b99d-2fe61fa802f8
https://www.deckenmalerei.eu/eadb7528-c4d5-4db5-b344-04dc11516ee7,"Moosbrugger, Andreas",MALE,Q499645,eadb7528-c4d5-4db5-b344-04dc11516ee7
https://www.deckenmalerei.eu/f8d2abb9-34ad-401a-9b30-5417bb25f513,"Schellenberg, Johann Ulrich",MALE,Q1696426,f8d2abb9-34ad-401a-9b30-5417bb25f513
https://www.deckenmalerei.eu/e5e791c4-19b5-4c7d-86ed-fa93c10d6b71,"Ridinger, Johann Elias",MALE,Q530683,e5e791c4-19b5-4c7d-86ed-fa93c10d6b71
https://www.deckenmalerei.eu/62cde60f-1231-46d8-a245-f25e41b85227,"Collin, Richard",MALE,Q7324836,62cde60f-1231-46d8-a245-f25e41b85227
https://www.deckenmalerei.eu/f6ede135-839e-4f05-9908-51dd3ed975a5,"Reni, Guido",MALE,Q109061,f6ede135-839e-4f05-9908-51dd3ed975a5
https://www.deckenmalerei.eu/b435feb7-43ac-4056-bab8-02bf6fd019da,"Netscher, Caspar",MALE,Q217715,b435feb7-43ac-4056-bab8-02bf6fd019da
https://www.deckenmalerei.eu/a443ae16-46db-466e-a841-c0ee0517beca,"Wille, Johann Georg",MALE,Q509724,a443ae16-46db-466e-a841-c0ee0517beca
https://www.deckenmalerei.eu/8e3fdba4-fb6a-4cd3-a0a4-3f00e05ae62b,"Watteau, Antoine",MALE,Q183221,8e3fdba4-fb6a-4cd3-a0a4-3f00e05ae62b
https://www.deckenmalerei.eu/def1109b-e2aa-46de-bf39-ef64f29f3fc9,"Colson, Jean Francois",MALE,Q1909565,def1109b-e2aa-46de-bf39-ef64f29f3fc9
https://www.deckenmalerei.eu/eaa9218d-a453-42e9-808e-f07deaa37bad,"Schlumbohm, Christa",FEMALE,Q123412337,eaa9218d-a453-42e9-808e-f07deaa37bad
https://www.deckenmalerei.eu/43de3a4a-997a-4cec-a76c-dcfa108236e6,"Pfaff, Sebastian Barnabas",MALE,Q60841442,43de3a4a-997a-4cec-a76c-dcfa108236e6
https://www.deckenmalerei.eu/12b72835-e09a-40a3-bea9-74b782c2fddb,"Zick, Januarius",MALE,Q463372,12b72835-e09a-40a3-bea9-74b782c2fddb
https://www.deckenmalerei.eu/b2478614-18f1-4c4c-81ac-24abd7355ac2,"Gaertner, Johann Andreas",MALE,Q998693,b2478614-18f1-4c4c-81ac-24abd7355ac2
https://www.deckenmalerei.eu/7dec5d8e-7379-49de-9ce0-9c4dc7a5c60c,"Sachsen, Clemens Wenzeslaus von",MALE,Q565780,7dec5d8e-7379-49de-9ce0-9c4dc7a5c60c
https://www.deckenmalerei.eu/2259fd9d-2796-4a9b-b5d6-c434a07f2362,"Peyre, Antoine-François",MALE,Q332189,2259fd9d-2796-4a9b-b5d6-c434a07f2362
https://www.deckenmalerei.eu/d95a95d2-eb58-4c71-81dd-77d7ddbcce8d,"Zick, Gustav",MALE,Q20032148,d95a95d2-eb58-4c71-81dd-77d7ddbcce8d
https://www.deckenmalerei.eu/688c75ba-e4be-4813-a004-aa34815b84d3,"Bachta, Johann Baptist",MALE,Q52149444,688c75ba-e4be-4813-a004-aa34815b84d3
https://www.deckenmalerei.eu/c0cb38c0-7c67-4401-817e-c38078b7db23,"Dietrich IV., Fürstenberg von",MALE,Q87630,c0cb38c0-7c67-4401-817e-c38078b7db23
https://www.deckenmalerei.eu/23de053a-08ac-49d5-9528-6edacf00e3fd,"Wolff-Metternich, Franz Arnold von",MALE,Q108305,23de053a-08ac-49d5-9528-6edacf00e3fd
https://www.deckenmalerei.eu/1163d585-4dea-4e11-895b-8a1f8ba158c3,"Kerssenbrock, Rembert von",MALE,Q1288151,1163d585-4dea-4e11-895b-8a1f8ba158c3
https://www.deckenmalerei.eu/0e9abc3e-d8ca-4eb6-845b-bd67f3ef75e7,"Unkair, Jörg",MALE,Q1439875,0e9abc3e-d8ca-4eb6-845b-bd67f3ef75e7
https://www.deckenmalerei.eu/eb86a9b5-4e7c-4f5e-b5a7-da31c6f99ac6,"Cranach, Lucas der Ältere",MALE,Q191748,eb86a9b5-4e7c-4f5e-b5a7-da31c6f99ac6
https://www.deckenmalerei.eu/85d9f84e-7dd2-4ee3-8667-2f675129928e,"Waldburg-Zeil, Froben Erbtruchseß",MALE,Q55238198,85d9f84e-7dd2-4ee3-8667-2f675129928e
https://www.deckenmalerei.eu/4245624f-9108-4e17-9ee0-da3cd0792198,"Esperlin, Joseph",MALE,Q1706945,4245624f-9108-4e17-9ee0-da3cd0792198
https://www.deckenmalerei.eu/0bad54e1-7cca-4d13-aab5-2c43ab7c4aac,"Franz Karl Eusebius, Graf von Waldburg-Friedberg und Trauchburg, Fürstbischof",MALE,Q1447707,0bad54e1-7cca-4d13-aab5-2c43ab7c4aac
https://www.deckenmalerei.eu/9e65d2c2-9a04-4555-89b2-901d0f08a376,"Merian, Matthäus d. Ä",MALE,Q57968,9e65d2c2-9a04-4555-89b2-901d0f08a376
https://www.deckenmalerei.eu/2d1ef15f-0d92-4e26-9d99-08dc46b0dd72,"Cunningham, Edward Francis",MALE,Q5342982,2d1ef15f-0d92-4e26-9d99-08dc46b0dd72
https://www.deckenmalerei.eu/9bb67af7-3ee2-4a1e-b9fa-e89794361f92,"Boumann, Michael Philipp",MALE,Q216367,9bb67af7-3ee2-4a1e-b9fa-e89794361f92
https://www.deckenmalerei.eu/0882e59b-e13b-4ee2-956e-62c50d233e4c,"Leger, Johann Christoph David",MALE,Q46993002,0882e59b-e13b-4ee2-956e-62c50d233e4c
https://www.deckenmalerei.eu/45ec2d00-c4c8-11e9-8385-59bf93401dce,"Heideloff, Viktor",MALE,Q2524429,45ec2d00-c4c8-11e9-8385-59bf93401dce
https://www.deckenmalerei.eu/e70ff30e-9dc8-45c4-bd7c-97960367cc96,"Königsegg-Rothenfels, Maximilian Friedrich von, Graf",MALE,Q69878,e70ff30e-9dc8-45c4-bd7c-97960367cc96
https://www.deckenmalerei.eu/7a10fdb5-dd05-4b96-b81b-b56662608380,"Roth, Heinrich",MALE,Q1662470,7a10fdb5-dd05-4b96-b81b-b56662608380
https://www.deckenmalerei.eu/92504400-c4fb-11e9-ba3b-056cb58d1f03,"Carlone, Carlo Innocenzo",MALE,Q1041995,92504400-c4fb-11e9-ba3b-056cb58d1f03
https://www.deckenmalerei.eu/403a357d-ab30-4c96-a6fd-c6ef0c24b158,"Schild, Johann Matthias",MALE,Q55126496,403a357d-ab30-4c96-a6fd-c6ef0c24b158
https://www.deckenmalerei.eu/bd62f294-87cc-4c8d-a158-75bf6ecc6b96,"Huet, Christophe",MALE,Q2966287,bd62f294-87cc-4c8d-a158-75bf6ecc6b96
https://www.deckenmalerei.eu/b07d8ed8-1a02-4fc9-bf3e-bbfbedfa60f9,"Boucher, François",MALE,Q180932,b07d8ed8-1a02-4fc9-bf3e-bbfbedfa60f9
https://www.deckenmalerei.eu/76b111af-65e4-4a13-b45d-2bc63a9152a3,"Hondius, Abraham",MALE,Q538840,76b111af-65e4-4a13-b45d-2bc63a9152a3
https://www.deckenmalerei.eu/57d531fc-57f2-473b-a984-04a228a39bd7,"Oudry, Jean-Baptiste",MALE,Q737137,57d531fc-57f2-473b-a984-04a228a39bd7
https://www.deckenmalerei.eu/1770b5ca-b6b3-4998-9e99-aa76b4ad59be,"Desportes, François",MALE,Q1359864,1770b5ca-b6b3-4998-9e99-aa76b4ad59be
https://www.deckenmalerei.eu/778b7f20-c7f0-11e9-99f3-c9e55f39fadd,"Schöpf, Johann Adam",MALE,Q835326,778b7f20-c7f0-11e9-99f3-c9e55f39fadd
https://www.deckenmalerei.eu/0bca70d3-2082-4424-aad9-d196a185fc96,"Thumbshirn, Abraham von",MALE,Q55874923,0bca70d3-2082-4424-aad9-d196a185fc96
https://www.deckenmalerei.eu/a5830a07-2b74-43af-8fc3-fabc0e0a78e0,"Salm, Karl Theodor Otto zu",MALE,Q955938,a5830a07-2b74-43af-8fc3-fabc0e0a78e0
https://www.deckenmalerei.eu/6f9f9a56-c419-44bc-b86f-6619f9b8cc30,"Salm, Ludwig Otto zu",MALE,Q252493,6f9f9a56-c419-44bc-b86f-6619f9b8cc30
https://www.deckenmalerei.eu/d1bc5066-7abe-4026-8b27-1b7feaba3d79,"Erich II., Braunschweig-Calenberg, Herzog",MALE,Q68304,d1bc5066-7abe-4026-8b27-1b7feaba3d79
https://www.deckenmalerei.eu/c1e776ef-b41a-431d-9205-9ab35ffcbaa4,"Julius, Braunschweig-Wolfenbüttel, Herzog",MALE,Q62953,c1e776ef-b41a-431d-9205-9ab35ffcbaa4
https://www.deckenmalerei.eu/b8331e20-ca6b-11e9-b3c7-c1f35c95f583,"Frisoni, Donato Giuseppe",MALE,Q1240708,b8331e20-ca6b-11e9-b3c7-c1f35c95f583
https://www.deckenmalerei.eu/66d7daa9-ee44-4190-aadc-19fd2baedc7a,"Bertermann, Samuel",MALE,Q95305087,66d7daa9-ee44-4190-aadc-19fd2baedc7a
https://www.deckenmalerei.eu/066b94af-a407-4438-8878-bf2621ab12f7,"Bertermann, Jakobina",FEMALE,Q95697067,066b94af-a407-4438-8878-bf2621ab12f7
https://www.deckenmalerei.eu/abb3fdfa-af03-4d48-9ebd-d78afe081ad5,"Heiss, Elias Christoph",MALE,Q5112271,abb3fdfa-af03-4d48-9ebd-d78afe081ad5
https://www.deckenmalerei.eu/382c5350-c5f1-11e9-95a0-131a80945c0c,"Steidl, Melchior",MALE,Q46507847,382c5350-c5f1-11e9-95a0-131a80945c0c
https://www.deckenmalerei.eu/1570c48c-f3ca-4f69-a560-90ce502bcf3a,"Veltmann, Hermann",MALE,Q110213753,1570c48c-f3ca-4f69-a560-90ce502bcf3a
https://www.deckenmalerei.eu/d0b8e0f8-de3f-493c-9e7d-03774c18b28d,"Limpach, Emmanuel",MALE,Q13102443,d0b8e0f8-de3f-493c-9e7d-03774c18b28d
https://www.deckenmalerei.eu/08b7fa3e-748b-4884-a33f-f17db5f45c11,"Mungenast, Paul",MALE,Q16439886,08b7fa3e-748b-4884-a33f-f17db5f45c11
https://www.deckenmalerei.eu/e1ab29dc-a566-46b6-bdd0-6ccf962e87f4,"Wilhelm IV., Henneberg-Schleusingen, Graf",MALE,Q16854422,e1ab29dc-a566-46b6-bdd0-6ccf962e87f4
https://www.deckenmalerei.eu/33746d74-fadc-4074-9ba1-fa6566e970f7,"Georg Ernst, Henneberg-Schleusingen, Graf",MALE,Q25487313,33746d74-fadc-4074-9ba1-fa6566e970f7
https://www.deckenmalerei.eu/0456cb6f-3d7a-42e4-a8c9-938d995bc7f2,"Cort, Cornelis",MALE,Q167220,0456cb6f-3d7a-42e4-a8c9-938d995bc7f2
https://www.deckenmalerei.eu/a2527713-ded0-4fa1-baef-b8dc44a116f3,"Wilhelm IV., Bayern, Herzog",MALE,Q60936,a2527713-ded0-4fa1-baef-b8dc44a116f3
https://www.deckenmalerei.eu/9e3b31fe-46c7-42cc-85b2-66c5208d035c,"Wilhelm, Birkenfeld-Gelnhausen, Pfalzgraf",MALE,Q62775,9e3b31fe-46c7-42cc-85b2-66c5208d035c
https://www.deckenmalerei.eu/e88c7241-a00b-4f19-a78e-821346cf4052,"Refinger, Ludwig",MALE,Q1874895,e88c7241-a00b-4f19-a78e-821346cf4052
https://www.deckenmalerei.eu/b991cbb3-ba0b-4b98-8519-fb3be35eb23e,"Postma, Herman, gen. Posthumus",MALE,Q1610325,b991cbb3-ba0b-4b98-8519-fb3be35eb23e
https://www.deckenmalerei.eu/ae515690-c7f2-11e9-99f3-c9e55f39fadd,"Demmel, Augustin Joseph",MALE,Q55849180,ae515690-c7f2-11e9-99f3-c9e55f39fadd
https://www.deckenmalerei.eu/3afa2f97-7a28-405b-9f2f-1225da7d6f10,"Donauer, Hans, der Ältere",MALE,Q630831,3afa2f97-7a28-405b-9f2f-1225da7d6f10
https://www.deckenmalerei.eu/120644cd-ede9-43dd-8088-b2e064871526,"Bocksberger, Hans, der Ältere",MALE,Q1479444,120644cd-ede9-43dd-8088-b2e064871526
https://www.deckenmalerei.eu/d72b6875-b23a-4355-853f-4b424d5375e8,"Lespilliez, Carl Albert, von",MALE,Q5039808,d72b6875-b23a-4355-853f-4b424d5375e8
https://www.deckenmalerei.eu/4f3d92fa-c9b4-4e67-b86f-3610017a62a8,"Romano, Giulio",MALE,Q215305,4f3d92fa-c9b4-4e67-b86f-3610017a62a8
https://www.deckenmalerei.eu/0216c6a6-cc95-4d10-bce0-4e1ad20ce31a,"Zwitzel, Bernhard",MALE,Q826226,0216c6a6-cc95-4d10-bce0-4e1ad20ce31a
https://www.deckenmalerei.eu/38e56310-c973-11e9-a536-2d7c06292cf7,"Colomba, Luca Antonio",MALE,Q117358,38e56310-c973-11e9-a536-2d7c06292cf7
https://www.deckenmalerei.eu/b6d36980-c4f9-11e9-ba3b-056cb58d1f03,"Eberhard Ludwig, Württemberg, Herzog",MALE,Q61169,b6d36980-c4f9-11e9-ba3b-056cb58d1f03
https://www.deckenmalerei.eu/efb43450-c972-11e9-a536-2d7c06292cf7,"Nette, Johann Friedrich",MALE,Q1311137,efb43450-c972-11e9-a536-2d7c06292cf7
https://www.deckenmalerei.eu/0a0aec50-c977-11e9-afa9-6d1d1dac234c,"Thouret, Nikolaus Friedrich von",MALE,Q118538,0a0aec50-c977-11e9-afa9-6d1d1dac234c
https://www.deckenmalerei.eu/35b33618-627e-49d9-876f-7db8aaf4ab45,"Bossi, Materno",MALE,Q24816209,35b33618-627e-49d9-876f-7db8aaf4ab45
https://www.deckenmalerei.eu/4fdf89f0-c974-11e9-a536-2d7c06292cf7,"Necker, Ludwig",MALE,Q1874819,4fdf89f0-c974-11e9-a536-2d7c06292cf7
https://www.deckenmalerei.eu/19d6e03d-529c-4405-917c-1ac1c33e6600,"Seebach, Alexander Thilo von",MALE,Q95267783,19d6e03d-529c-4405-917c-1ac1c33e6600
https://www.deckenmalerei.eu/ff78a553-3430-4464-b63d-04a3a2d3c1e9,"Prescher, Heinrich",MALE,Q1438669,ff78a553-3430-4464-b63d-04a3a2d3c1e9
https://www.deckenmalerei.eu/47060fff-3b9b-4f17-bc13-575a5fb45f9a,"Maximilian Friedrich, Köln, Erzbischof",MALE,Q69878,47060fff-3b9b-4f17-bc13-575a5fb45f9a
https://www.deckenmalerei.eu/324a1886-5d3e-4b45-8681-b0437abcb258,"Friedrich Christian, Münster, Bischof",MALE,Q110997,324a1886-5d3e-4b45-8681-b0437abcb258
https://www.deckenmalerei.eu/791d0d44-7536-4ff1-a389-38807157d32e,"Oelde, Ambrosius von",MALE,Q459776,791d0d44-7536-4ff1-a389-38807157d32e
https://www.deckenmalerei.eu/910ae354-06eb-4c93-88ee-e92b3aed8d48,"Quiter, Magnus de",MALE,Q22969367,910ae354-06eb-4c93-88ee-e92b3aed8d48
https://www.deckenmalerei.eu/27f26489-0004-4818-b805-3f9716bde9e4,"Kilian, Georg",MALE,Q25917171,27f26489-0004-4818-b805-3f9716bde9e4
https://www.deckenmalerei.eu/477bfdf9-629d-439d-b2e4-5cabcc17216d,"Le Pautre, Jean",MALE,Q290751,477bfdf9-629d-439d-b2e4-5cabcc17216d
https://www.deckenmalerei.eu/63bcf266-2b1a-4082-ba4b-37a5d8bcec72,"Simon VI., Zur Lippe, Graf",MALE,Q90988,63bcf266-2b1a-4082-ba4b-37a5d8bcec72
https://www.deckenmalerei.eu/425acefd-4017-4a07-9151-6b328fcaabcb,"Wulff, Hermann",MALE,Q1613116,425acefd-4017-4a07-9151-6b328fcaabcb
https://www.deckenmalerei.eu/fd723342-b3d0-4150-9397-b479a2ef1a82,"Eisenhoit, Anton",MALE,Q96451,fd723342-b3d0-4150-9397-b479a2ef1a82
https://www.deckenmalerei.eu/a7574e53-2331-42b8-8e25-afba83347704,"Novellanus, Simon",MALE,Q28053702,a7574e53-2331-42b8-8e25-afba83347704
https://www.deckenmalerei.eu/495e87ff-0815-44d5-803d-a1a71fcd493d,"Lipper, Ferdinand",MALE,Q2572627,495e87ff-0815-44d5-803d-a1a71fcd493d
https://www.deckenmalerei.eu/838ab27f-b52d-4987-bffa-7e0d9ffc03a0,"Ortenburg, Joachim von",MALE,Q1689933,838ab27f-b52d-4987-bffa-7e0d9ffc03a0
https://www.deckenmalerei.eu/772a0316-efbd-4d78-b505-4d6ff40beac0,"Ortenburg, Christiane Louise von",FEMALE,Q60844137,772a0316-efbd-4d78-b505-4d6ff40beac0
https://www.deckenmalerei.eu/04e03c37-fa21-4480-860b-64a4d191ad72,"Ortenburg, Friedrich Casimir von",MALE,Q1458677,04e03c37-fa21-4480-860b-64a4d191ad72
https://www.deckenmalerei.eu/d7d4eb5d-f82d-4d05-b4e5-ec27c6e572fe,"Hohenlohe-Schillingsfürst, Philipp-Ernst, Graf",MALE,Q31191717,d7d4eb5d-f82d-4d05-b4e5-ec27c6e572fe
https://www.deckenmalerei.eu/22c17011-1a8b-46c5-ae69-38d362cbe75e,"Hohenlohe-Schillingsfürst, Georg Friedrich II., Graf",MALE,Q75240896,22c17011-1a8b-46c5-ae69-38d362cbe75e
https://www.deckenmalerei.eu/eeec0189-48f3-47e2-b2bf-b979651db93f,"Greissing, Joseph",MALE,Q1253409,eeec0189-48f3-47e2-b2bf-b979651db93f
https://www.deckenmalerei.eu/1f52e70e-aa90-4624-9dde-24368b456579,"Benckert, Johann Peter",MALE,Q1695777,1f52e70e-aa90-4624-9dde-24368b456579
https://www.deckenmalerei.eu/01eabc51-2927-410d-bb19-9e4d1a078023,"Huber, Thomas",MALE,Q2424830,01eabc51-2927-410d-bb19-9e4d1a078023
https://www.deckenmalerei.eu/cb5c3826-4e1f-45f1-b4d7-58cb6f006227,"Büring, Johann Gottfried",MALE,Q105917,cb5c3826-4e1f-45f1-b4d7-58cb6f006227
https://www.deckenmalerei.eu/534e8830-c7e3-11e9-91e0-9bbdba1c3ce9,"Carlone, Giovanni Battista",MALE,Q1525832,534e8830-c7e3-11e9-91e0-9bbdba1c3ce9
https://www.deckenmalerei.eu/f9c72680-c7e4-11e9-91e0-9bbdba1c3ce9,"Bussi, Carlo Antonio",MALE,Q1041840,f9c72680-c7e4-11e9-91e0-9bbdba1c3ce9
https://www.deckenmalerei.eu/e11366d0-c4c4-11e9-8385-59bf93401dce,"Carlone, Giovanni",MALE,Q981027,e11366d0-c4c4-11e9-8385-59bf93401dce
https://www.deckenmalerei.eu/d067fd7b-f6ac-4093-9163-7464253a7a20,"Pötting, Sebastian von",MALE,Q123043,d067fd7b-f6ac-4093-9163-7464253a7a20
https://www.deckenmalerei.eu/509e03a0-c7e2-11e9-91e0-9bbdba1c3ce9,"Urban, Passau, Bischof",MALE,Q2500236,509e03a0-c7e2-11e9-91e0-9bbdba1c3ce9
https://www.deckenmalerei.eu/93c91477-6e62-4840-8025-c1347f196c8a,"Veyder, Johann Werner von",MALE,Q1696535,93c91477-6e62-4840-8025-c1347f196c8a
https://www.deckenmalerei.eu/79a058c7-2d7c-47d5-808d-ff6ba7d31445,"Alberti, Matteo",,Q1909342,79a058c7-2d7c-47d5-808d-ff6ba7d31445
https://www.deckenmalerei.eu/be5f8ea3-e3dc-4504-a0f5-17a3c9b2b741,"Tietz, Ferdinand",MALE,Q349313,be5f8ea3-e3dc-4504-a0f5-17a3c9b2b741
https://www.deckenmalerei.eu/a49006f8-ae6e-4275-8399-8a2dd8f5af80,"Kretzschmar, Christian",MALE,Q15437888,a49006f8-ae6e-4275-8399-8a2dd8f5af80
https://www.deckenmalerei.eu/428f4f13-5b26-4fcc-9d0a-48be0ac7fea4,"Hopfgarten, Friedrich von",MALE,Q95274520,428f4f13-5b26-4fcc-9d0a-48be0ac7fea4
https://www.deckenmalerei.eu/d340ae64-1e9a-4b36-a073-b76c40bc2b00,"Lupin, Friedrich von",MALE,Q30156678,d340ae64-1e9a-4b36-a073-b76c40bc2b00
https://www.deckenmalerei.eu/e9e5df57-8c63-4924-905c-f49cc22fc06b,"Ernst Ludwig, Sachsen-Coburg-Meiningen, Herzog",MALE,Q63279,e9e5df57-8c63-4924-905c-f49cc22fc06b
https://www.deckenmalerei.eu/e25f7006-3e2c-4315-9d73-4804a8488b7a,"Anton Ulrich, Sachsen-Meiningen, Herzog",MALE,Q65025,e25f7006-3e2c-4315-9d73-4804a8488b7a
https://www.deckenmalerei.eu/5c305c82-2c1f-4dae-8d2d-d6c910dcbe28,"Bernhard I., Sachsen-Meiningen, Herzog",MALE,Q63240,5c305c82-2c1f-4dae-8d2d-d6c910dcbe28
https://www.deckenmalerei.eu/dc87e28f-4b2d-4fe3-9ebe-417ad170a2a9,"Wilhelm Heinrich, Nassau-Saarbrücken, Fürst",MALE,Q831156,dc87e28f-4b2d-4fe3-9ebe-417ad170a2a9
https://www.deckenmalerei.eu/330d2f56-c3ef-422f-8f9a-904a8725ad37,"Ludwig, Nassau-Saarbrücken, Fürst",MALE,Q216418,330d2f56-c3ef-422f-8f9a-904a8725ad37
https://www.deckenmalerei.eu/1a06a337-b3c6-484e-9ac1-ad204be1d04a,"Stengel, Balthasar Wilhelm",MALE,Q15694746,1a06a337-b3c6-484e-9ac1-ad204be1d04a
https://www.deckenmalerei.eu/64358183-a0f3-47e1-8288-4f2ec1d59308,"Feilner, Simon",MALE,Q20760353,64358183-a0f3-47e1-8288-4f2ec1d59308
https://www.deckenmalerei.eu/347bb9b1-a61d-489b-94c4-0bac656707c1,"Münnich, Anton Günther von",MALE,Q99113,347bb9b1-a61d-489b-94c4-0bac656707c1
https://www.deckenmalerei.eu/a994a453-c369-4505-ae83-ae682df4e9ba,"Giusti, Tommaso",MALE,Q17326609,a994a453-c369-4505-ae83-ae682df4e9ba
https://www.deckenmalerei.eu/a58d09ff-5896-43d8-a8d3-c3e22d6671f4,"Platen, Franz Ernst von",MALE,Q1445768,a58d09ff-5896-43d8-a8d3-c3e22d6671f4
https://www.deckenmalerei.eu/6ef6c883-1610-4a58-906a-cf06bc380e7c,"Segala, Giovanni",MALE,Q3768120,6ef6c883-1610-4a58-906a-cf06bc380e7c
https://www.deckenmalerei.eu/b869cb31-ad7e-44e5-b97b-813dd3cbffc9,"Dauphin, Olivier",MALE,Q31696014,b869cb31-ad7e-44e5-b97b-813dd3cbffc9
https://www.deckenmalerei.eu/9acef50e-0ead-4fb6-afde-c02380933fc7,"Ovens, Jürgen",MALE,Q370576,9acef50e-0ead-4fb6-afde-c02380933fc7
https://www.deckenmalerei.eu/9a36baaf-43b3-4280-b5b9-ff3abeb86ef3,"Christian Albrecht, Schleswig-Holstein-Gottorf, Herzog",MALE,Q505976,9a36baaf-43b3-4280-b5b9-ff3abeb86ef3
https://www.deckenmalerei.eu/e1f7cca0-33b8-4d2f-916a-0fa8ee1698a3,"Spreckelsen, Johann von",MALE,Q18626413,e1f7cca0-33b8-4d2f-916a-0fa8ee1698a3
https://www.deckenmalerei.eu/d73a074c-90ab-41cf-a8d7-796a031c42ec,"Meil, Johann Christoph",MALE,Q34317194,d73a074c-90ab-41cf-a8d7-796a031c42ec
https://www.deckenmalerei.eu/09b0dd6b-fbe6-4207-bbd1-bb86a87a4fc2,"Fechhelm, Carl Friedrich",MALE,Q18619917,09b0dd6b-fbe6-4207-bbd1-bb86a87a4fc2
https://www.deckenmalerei.eu/190cfbd9-aeb3-4c0d-baf3-0808daec4be3,"Hagen, Friedrich Philipp vom",MALE,Q55851162,190cfbd9-aeb3-4c0d-baf3-0808daec4be3
https://www.deckenmalerei.eu/46ebc353-98b1-4b13-b55e-00e599fe2d51,"Le Brun, Charles",MALE,Q271676,46ebc353-98b1-4b13-b55e-00e599fe2d51
https://www.deckenmalerei.eu/0c1bba8b-f3e4-4b5d-bf76-24ac2c8d32a5,"Kraus, Johann Ulrich",MALE,Q1291903,0c1bba8b-f3e4-4b5d-bf76-24ac2c8d32a5
https://www.deckenmalerei.eu/7cdc94b4-89c3-4057-8d53-0df05808aa47,"Gebhard, Otto",MALE,Q1732479,7cdc94b4-89c3-4057-8d53-0df05808aa47
https://www.deckenmalerei.eu/74980b81-c96f-40df-b3a2-ef25af1e2a0d,"Gerl, Petrus",MALE,Q27831984,74980b81-c96f-40df-b3a2-ef25af1e2a0d
https://www.deckenmalerei.eu/eeeff065-6fcf-4552-80b4-8987c11de5b9,"Christian Ludwig II., Mecklenburg-Schwerin, Herzog",MALE,Q664223,eeeff065-6fcf-4552-80b4-8987c11de5b9
https://www.deckenmalerei.eu/57953399-840e-45d4-af93-645083f1abba,"Legeay, Jean-Laurent",MALE,Q1685634,57953399-840e-45d4-af93-645083f1abba
https://www.deckenmalerei.eu/f01dbcba-ee1a-4012-8363-a2390fe7d0c2,"Friedrich, Mecklenburg-Schwerin, Herzog",MALE,Q570989,f01dbcba-ee1a-4012-8363-a2390fe7d0c2
https://www.deckenmalerei.eu/cb60d70c-02a3-464a-b6f8-530f15491182,"Adolf Friedrich II., Mecklenburg-Strelitz, Herzog",MALE,Q361684,cb60d70c-02a3-464a-b6f8-530f15491182
https://www.deckenmalerei.eu/be5d9dce-6d0f-46bd-bacd-32f4ce83e62c,"Christine Wilhelmine, Mecklenburg-Schwerin, Herzogin",FEMALE,Q3697539,be5d9dce-6d0f-46bd-bacd-32f4ce83e62c
https://www.deckenmalerei.eu/8affa591-ed9e-4de5-81aa-0a9a5d340298,"Friedrich Wilhelm, Mecklenburg-Schwerin, Herzog",MALE,Q552274,8affa591-ed9e-4de5-81aa-0a9a5d340298
https://www.deckenmalerei.eu/6741ba06-739a-4e9e-bc8b-b6b8d009398d,"Karl Leopold, Mecklenburg-Schwerin, Herzog",MALE,Q682701,6741ba06-739a-4e9e-bc8b-b6b8d009398d
https://www.deckenmalerei.eu/65d8f871-7495-4836-9daa-1b647fa3f4ba,"Sophie Charlotte, Mecklenburg-Schwerin, Herzogin",FEMALE,Q465131,65d8f871-7495-4836-9daa-1b647fa3f4ba
https://www.deckenmalerei.eu/52b4c356-5909-4d1f-b6a3-227ff4cbebac,"Ludwig, Mecklenburg-Schwerin, Herzog",MALE,Q69910,52b4c356-5909-4d1f-b6a3-227ff4cbebac
https://www.deckenmalerei.eu/4bd995ce-535f-4faf-a6a8-8d20e5a0722b,"Isabelle Angelique, Mecklenburg-Schwerin, Herzogin",FEMALE,Q1329742,4bd995ce-535f-4faf-a6a8-8d20e5a0722b
https://www.deckenmalerei.eu/327709ed-aded-4c12-a441-144567369196,"Luise Friederike, Mecklenburg-Schwerin, Herzogin",FEMALE,Q3840451,327709ed-aded-4c12-a441-144567369196
https://www.deckenmalerei.eu/3249f54b-6fc2-43f3-9900-8703130c3475,"Friedrich, Mecklenburg-Schwerin, apanagierter Prinz",MALE,Q553158,3249f54b-6fc2-43f3-9900-8703130c3475
https://www.deckenmalerei.eu/200e1da7-dcd3-4f21-9802-ab801bfc1f47,"Christian Ludwig I., Mecklenburg-Schwerin, Herzog",MALE,Q473885,200e1da7-dcd3-4f21-9802-ab801bfc1f47
https://www.deckenmalerei.eu/0ad319f5-d3dc-48f4-9e2d-70bd6c43b06f,"Katharina, Mecklenburg-Schwerin, Herzogin",FEMALE,Q2334456,0ad319f5-d3dc-48f4-9e2d-70bd6c43b06f
https://www.deckenmalerei.eu/68c453c9-e055-4ae1-a627-828833516121,"Bachoff von Echt, Johann Friedrich, I.",MALE,Q16064166,68c453c9-e055-4ae1-a627-828833516121
https://www.deckenmalerei.eu/25a015ed-d963-4eda-9d73-c9b10b4bf90a,"Nilson, Johannes Esaias",MALE,Q1395300,25a015ed-d963-4eda-9d73-c9b10b4bf90a
https://www.deckenmalerei.eu/e0a45c97-a5de-4a50-ad56-191a5e8ed56e,"Friedrich Karl, Schleswig-Holstein-Sonderburg-Plön, Herzog",MALE,Q476027,e0a45c97-a5de-4a50-ad56-191a5e8ed56e
https://www.deckenmalerei.eu/089c6838-e4fd-4b0d-8f67-71a49374d284,"Tschierske, Georg",MALE,Q95349368,089c6838-e4fd-4b0d-8f67-71a49374d284
https://www.deckenmalerei.eu/3bf2a9c1-60b9-430b-bb5f-af88d9bf2493,"Rosenberg, Johann Gottfried",MALE,Q3432540,3bf2a9c1-60b9-430b-bb5f-af88d9bf2493
https://www.deckenmalerei.eu/44af2d86-5383-4f75-97a5-21ca07f0b365,"Rodt, Franz Konrad, Konstanz, Fürstbischof",MALE,Q90170,44af2d86-5383-4f75-97a5-21ca07f0b365
https://www.deckenmalerei.eu/2915d371-0574-4b11-b1f5-303a8d9d74ba,"Schenk von Stauffenberg, Johann Franz, Konstanz, Fürstbischof",MALE,Q880773,2915d371-0574-4b11-b1f5-303a8d9d74ba
https://www.deckenmalerei.eu/ca01b4d1-9695-4245-aecc-4a55def91770,"Baumgartner, Johann Wolfgang",MALE,Q261859,ca01b4d1-9695-4245-aecc-4a55def91770
https://www.deckenmalerei.eu/2314cd06-d6aa-445d-80df-450602e996ab,"Cotte, Robert de",MALE,Q568839,2314cd06-d6aa-445d-80df-450602e996ab
https://www.deckenmalerei.eu/d10260e7-5f95-4d25-bc4d-936b98d83cd1,"Joseph Clemens, Köln, Erzbischof",MALE,Q76341,d10260e7-5f95-4d25-bc4d-936b98d83cd1
https://www.deckenmalerei.eu/802a802f-c874-4b8e-8987-2aee9d4320f5,"Rudolphi, Andreas",MALE,Q500307,802a802f-c874-4b8e-8987-2aee9d4320f5
https://www.deckenmalerei.eu/f2e71f37-8995-4b95-8991-09642ec97915,"Friedrich III., Sachsen-Gotha-Altenburg, Herzog",MALE,Q65038,f2e71f37-8995-4b95-8991-09642ec97915
https://www.deckenmalerei.eu/bc39cd56-9686-4bee-8d90-8e45bde6a782,"Friedrich I., Sachsen-Gotha-Altenburg, Herzog",MALE,Q63770,bc39cd56-9686-4bee-8d90-8e45bde6a782
https://www.deckenmalerei.eu/aced6d11-1d0c-4d39-a9a4-303a6740c22a,"Ernst I., Sachsen-Gotha-Altenburg, Herzog",MALE,Q62282,aced6d11-1d0c-4d39-a9a4-303a6740c22a
https://www.deckenmalerei.eu/9c009323-a44b-4833-bcb2-718bdc44698d,"Vogell, Caspar",MALE,Q1048151,9c009323-a44b-4833-bcb2-718bdc44698d
https://www.deckenmalerei.eu/395a4fff-1593-45ce-8079-9948f3d09756,"Testa, Pietro",MALE,Q2155480,395a4fff-1593-45ce-8079-9948f3d09756
https://www.deckenmalerei.eu/bbf5b0a8-7f99-4ca8-90f6-959adf96d3a6,"Graß, Paul Anthon",MALE,Q94929376,bbf5b0a8-7f99-4ca8-90f6-959adf96d3a6
https://www.deckenmalerei.eu/784e11a8-2517-45ec-9108-3d4a5c1b5c59,"Karl. II, Pfalz, Kurfürst",MALE,Q62878,784e11a8-2517-45ec-9108-3d4a5c1b5c59
https://www.deckenmalerei.eu/488be323-24b5-4ff4-9a72-22f491afb7c6,"Lobkowitz, Ferdinand August von",MALE,Q3068514,488be323-24b5-4ff4-9a72-22f491afb7c6
https://www.deckenmalerei.eu/2a10f0cc-3506-4f16-b110-3010fdc9b96a,"Porta, Antonio",MALE,Q606136,2a10f0cc-3506-4f16-b110-3010fdc9b96a
https://www.deckenmalerei.eu/c95e6280-dbdb-48be-8ce6-9ec24d76c74e,"Josias II., Waldeck, Graf",MALE,Q97043,c95e6280-dbdb-48be-8ce6-9ec24d76c74e
https://www.deckenmalerei.eu/cc1c7af1-08cf-4d09-a611-ef31ef9e3766,"Christiane, Waldeck, Fürstin",FEMALE,Q86984,cc1c7af1-08cf-4d09-a611-ef31ef9e3766
https://www.deckenmalerei.eu/5a2bf5da-eb9f-47ca-8535-71eb701eb3f9,"Krubsacius, Friedrich August",MALE,Q111198,5a2bf5da-eb9f-47ca-8535-71eb701eb3f9
https://www.deckenmalerei.eu/bb77be60-9b62-4204-8474-86b23ad23945,"Eytel, Michael",MALE,Q60828969,bb77be60-9b62-4204-8474-86b23ad23945
https://www.deckenmalerei.eu/2a427203-c8df-4110-8775-9cdad8e8772c,"Johann Hugo, Trier, Erzbischof",MALE,Q878159,2a427203-c8df-4110-8775-9cdad8e8772c
https://www.deckenmalerei.eu/ae13ea82-2506-4708-b636-ab9c1d22aacc,"Judas, Johann Georg",MALE,Q1458026,ae13ea82-2506-4708-b636-ab9c1d22aacc
https://www.deckenmalerei.eu/c4ac9966-57d2-44c2-9c91-3f6e7be050ab,"Sebastiani, Johann Christoph",MALE,Q15821189,c4ac9966-57d2-44c2-9c91-3f6e7be050ab
https://www.deckenmalerei.eu/d1e27139-0c72-485a-a525-ba0f1a9d70ec,"Baden, Johann von",MALE,Q104806,d1e27139-0c72-485a-a525-ba0f1a9d70ec
https://www.deckenmalerei.eu/636c2bea-af5a-40b4-99fa-7298a2d8a406,"Asam, Hans Georg",MALE,Q879053,636c2bea-af5a-40b4-99fa-7298a2d8a406
https://www.deckenmalerei.eu/7219edc0-4318-4a1f-9f0f-bc0082865af5,"Viscardi, Giovanni Antonio",MALE,Q124379,7219edc0-4318-4a1f-9f0f-bc0082865af5
https://www.deckenmalerei.eu/f8d9166b-211c-4a8e-9ee0-35517099e5fe,"Holnstein, Franz Ludwig von",MALE,Q18411753,f8d9166b-211c-4a8e-9ee0-35517099e5fe
https://www.deckenmalerei.eu/bf50f9a1-b325-4d5e-acf5-7724934f4632,"Holnstein, Maximilian Jospeh von",MALE,Q55852527,bf50f9a1-b325-4d5e-acf5-7724934f4632
https://www.deckenmalerei.eu/7927dfd5-dbf5-4ee7-81a2-084e1bf6b031,"Friedrich I., Pfalz, Kurfürst",MALE,Q62811,7927dfd5-dbf5-4ee7-81a2-084e1bf6b031
https://www.deckenmalerei.eu/0c8a0c2b-0e75-47a3-8f99-d72449090dcc,"Friedrich IV., Pfalz, Kurfürst",MALE,Q60746,0c8a0c2b-0e75-47a3-8f99-d72449090dcc
https://www.deckenmalerei.eu/456771c1-e473-4e18-b947-8783f62dd5a7,"Schoch, Hans",MALE,Q1247404,456771c1-e473-4e18-b947-8783f62dd5a7
https://www.deckenmalerei.eu/a1fad54a-43d9-42f8-9374-42cbe4c6930f,"Hermann, Franz Ludwig",MALE,Q1448089,a1fad54a-43d9-42f8-9374-42cbe4c6930f
https://www.deckenmalerei.eu/94900d39-dbf2-4885-91b1-968d0475afca,"Eberhard, Hohenlohe-Waldenburg, Graf",MALE,Q26878166,94900d39-dbf2-4885-91b1-968d0475afca
https://www.deckenmalerei.eu/e12a67a8-491d-4218-9bd1-1453bf1fd4a7,"Creuzfelder, Joachim Georg",,Q1474034,e12a67a8-491d-4218-9bd1-1453bf1fd4a7
https://www.deckenmalerei.eu/07de0d8e-70cd-4568-aa20-84bcfcc59d05,"Ludwig Gottfried, Hohenlohe-Waldenburg-Pfedelbach, Graf",MALE,Q55015581,07de0d8e-70cd-4568-aa20-84bcfcc59d05
https://www.deckenmalerei.eu/952b5980-c645-11e9-b733-65672f97cce2,"Münchhausen, Hieronymus von",MALE,Q80817724,952b5980-c645-11e9-b733-65672f97cce2
https://www.deckenmalerei.eu/bdc45e9c-85aa-4507-b865-e92aa1570d56,"Johann Georg II., Sachsen, Kurfürst",MALE,Q505548,bdc45e9c-85aa-4507-b865-e92aa1570d56
https://www.deckenmalerei.eu/394937f5-28a8-490b-b2c6-f05c4e6d5b9c,"Johann Georg III., Sachsen, Kurfürst",MALE,Q454483,394937f5-28a8-490b-b2c6-f05c4e6d5b9c
https://www.deckenmalerei.eu/7fdd4126-faba-4af6-a87f-0b1ae34f0b94,"Starcke, Johann Georg",MALE,Q1693964,7fdd4126-faba-4af6-a87f-0b1ae34f0b94
https://www.deckenmalerei.eu/3cd64849-7865-4394-b2da-01312d384e4d,"Klengel, Wolf Caspar von",MALE,Q100566,3cd64849-7865-4394-b2da-01312d384e4d
https://www.deckenmalerei.eu/20a6380f-4bf7-441a-9e37-6853032f00bb,"Heinrich III., Reuß zu Lobenstein, Graf",MALE,Q80793097,20a6380f-4bf7-441a-9e37-6853032f00bb
https://www.deckenmalerei.eu/f3658552-b0a0-40e9-bb90-5b2eb4d9b8a6,"Friedrich III., Schleswig-Holstein-Gottorf, Herzog",MALE,Q61360,f3658552-b0a0-40e9-bb90-5b2eb4d9b8a6
https://www.deckenmalerei.eu/78449081-a993-494d-a5b0-d0d5bbfcd55f,"Adolf I., Schleswig-Holstein-Gottorf, Herzog",MALE,Q60211,78449081-a993-494d-a5b0-d0d5bbfcd55f
https://www.deckenmalerei.eu/4eeb4b47-8f56-4cab-9011-3159db4d5d5f,"Johann Adolf, Schleswig-Holstein-Gottorf, Herzog",MALE,Q62160,4eeb4b47-8f56-4cab-9011-3159db4d5d5f
https://www.deckenmalerei.eu/29c833a7-9baa-4e77-afa5-abfeaea5fc88,"Friedrich IV., Schleswig-Holstein-Gottorf, Herzog",MALE,Q60286,29c833a7-9baa-4e77-afa5-abfeaea5fc88
https://www.deckenmalerei.eu/1287854c-c1bc-474e-bad9-53ab545f93ce,"Friedrich II., Schleswig-Holstein-Gottorf, Herzog",MALE,Q64068,1287854c-c1bc-474e-bad9-53ab545f93ce
https://www.deckenmalerei.eu/10631013-be28-4908-92f0-3ae5c832499b,"Friedrich I., Dänemark, König",MALE,Q157789,10631013-be28-4908-92f0-3ae5c832499b
https://www.deckenmalerei.eu/8c43e6ff-4a97-4efc-a68c-d82bd4433488,"Oberberg, Hercules von",MALE,Q5736562,8c43e6ff-4a97-4efc-a68c-d82bd4433488
https://www.deckenmalerei.eu/1807e585-3a01-4d8b-a107-4c2050e066ae,"Holzbecker, Hans Simon",MALE,Q17123520,1807e585-3a01-4d8b-a107-4c2050e066ae
https://www.deckenmalerei.eu/114e8609-2fe8-4ebb-895f-5615c078580d,"Solis, Virgil",MALE,Q563366,114e8609-2fe8-4ebb-895f-5615c078580d
https://www.deckenmalerei.eu/2534439f-e975-4f63-91cc-a15a805988cd,"Amman, Jost",MALE,Q116240,2534439f-e975-4f63-91cc-a15a805988cd
https://www.deckenmalerei.eu/0f55d568-edb0-45fc-8df4-d4312357ca64,"Ghezzy, Giovanni",MALE,Q118177990,0f55d568-edb0-45fc-8df4-d4312357ca64
https://www.deckenmalerei.eu/36de57ee-6ba3-4ce6-a505-5dd51ae563c0,"Merz, Joseph Anton",MALE,Q1706499,36de57ee-6ba3-4ce6-a505-5dd51ae563c0
https://www.deckenmalerei.eu/7aa4caa6-3108-4822-9a79-4a30e818ed33,"Landsberg, Franz Anton von",MALE,Q1446102,7aa4caa6-3108-4822-9a79-4a30e818ed33
https://www.deckenmalerei.eu/474c5422-383a-4bcf-8e9b-a401c7687ec9,"Landsberg, Franz Kaspar Ferdinand von",MALE,Q1364548,474c5422-383a-4bcf-8e9b-a401c7687ec9
https://www.deckenmalerei.eu/170b5916-3fec-4150-aa49-e0c8c2506ca2,"Gebhard, Johann Andreas",MALE,Q55677187,170b5916-3fec-4150-aa49-e0c8c2506ca2
https://www.deckenmalerei.eu/35353a48-232b-4060-b66b-19407c2a013e,"Wolfstein, Christian Albrecht von, Graf",MALE,Q55902701,35353a48-232b-4060-b66b-19407c2a013e
https://www.deckenmalerei.eu/3d008e02-37ab-4b24-8f68-3bc32a9d0580,"Moritz, Hessen-Kassel, Landgraf",MALE,Q551420,3d008e02-37ab-4b24-8f68-3bc32a9d0580
https://www.deckenmalerei.eu/88238e4a-fbde-4146-87bf-a580b325917d,"Vernucken, Wilhelm",MALE,Q55127036,88238e4a-fbde-4146-87bf-a580b325917d
https://www.deckenmalerei.eu/87bf6b42-30d3-4f99-a159-f8001c95237d,"Ziesenis, Johann Friedrich",MALE,Q1693511,87bf6b42-30d3-4f99-a159-f8001c95237d
https://www.deckenmalerei.eu/fd37cd17-f5f7-437b-a6f4-7d232059bc01,"Georg II., Großbritannien, König",MALE,Q131981,fd37cd17-f5f7-437b-a6f4-7d232059bc01
https://www.deckenmalerei.eu/82230970-5559-438d-ae00-bf8216b18b45,"Georg I., Großbritannien, König",MALE,Q130805,82230970-5559-438d-ae00-bf8216b18b45
https://www.deckenmalerei.eu/4fa09d1c-1049-4652-adeb-6bf4e9af3590,"Georg III., Großbritannien, König",MALE,Q127318,4fa09d1c-1049-4652-adeb-6bf4e9af3590
https://www.deckenmalerei.eu/4ba13f52-a816-42ae-8a54-22e5fb906c62,"Westermann, Brand",MALE,Q897758,4ba13f52-a816-42ae-8a54-22e5fb906c62
https://www.deckenmalerei.eu/b74251c0-c516-11e9-a1d4-092b9353e7b9,"Sophie, Hannover, Kurfürstin",FEMALE,Q57224,b74251c0-c516-11e9-a1d4-092b9353e7b9
https://www.deckenmalerei.eu/4e9fd89d-5dcd-40a2-9a82-3362f5012ff0,"Johann Friedrich, Braunschweig-Lüneburg, Herzog",MALE,Q62800,4e9fd89d-5dcd-40a2-9a82-3362f5012ff0
https://www.deckenmalerei.eu/36d73d19-564d-4e91-b552-f3ed8fd367d3,"Friedrich Franz I., Mecklenburg-Schwerin, Großherzog",MALE,Q58025,36d73d19-564d-4e91-b552-f3ed8fd367d3
https://www.deckenmalerei.eu/9035ccd8-00aa-40e7-a354-eb254362159c,"Fechhelm, Johann Friedrich",MALE,Q99372373,9035ccd8-00aa-40e7-a354-eb254362159c
https://www.deckenmalerei.eu/0e744adb-5793-4496-b39c-45b27a8bdc01,"Dieussart, Charles Philippe",MALE,Q830066,0e744adb-5793-4496-b39c-45b27a8bdc01
https://www.deckenmalerei.eu/46b83a31-a6c0-4799-b83f-5286dfaaca95,"Karl, Burgau, Markgraf",MALE,Q440350,46b83a31-a6c0-4799-b83f-5286dfaaca95
https://www.deckenmalerei.eu/1ca2ddb2-6766-4c42-92d4-15318fed908b,"Ferdinand II., Österreich, Erzherzog",MALE,Q313426,1ca2ddb2-6766-4c42-92d4-15318fed908b
https://www.deckenmalerei.eu/5b062b46-6875-4a31-87e8-cd189df3d07e,"Luchese, Albrecht",MALE,Q1687973,5b062b46-6875-4a31-87e8-cd189df3d07e
https://www.deckenmalerei.eu/874b4f60-c586-11e9-9a28-879a4ed5a2e2,"Dossenberger, Joseph",MALE,Q1560137,874b4f60-c586-11e9-9a28-879a4ed5a2e2
https://www.deckenmalerei.eu/ac284e81-f39f-4ab8-a541-e63c830c741b,"Enderle, Anton",MALE,Q63284567,ac284e81-f39f-4ab8-a541-e63c830c741b
https://www.deckenmalerei.eu/c74939fc-58cd-4fbf-911b-c5354c3143d0,"Christ, Josef",MALE,Q94798281,c74939fc-58cd-4fbf-911b-c5354c3143d0
https://www.deckenmalerei.eu/9a1d9e97-ad0e-411a-b13f-d57bdb2f3a79,"Johann Wilhelm, Pfalz, Kurfürst",MALE,Q64266,9a1d9e97-ad0e-411a-b13f-d57bdb2f3a79
https://www.deckenmalerei.eu/87efd800-9a1b-47a0-be2d-5fff821ef70f,"Bergmüller, Johann Baptist",MALE,Q1692505,87efd800-9a1b-47a0-be2d-5fff821ef70f
https://www.deckenmalerei.eu/b6db4bff-3c8c-4c3f-a19b-5b093e5b697d,"Paur, Ignaz",MALE,Q94841875,b6db4bff-3c8c-4c3f-a19b-5b093e5b697d
https://www.deckenmalerei.eu/f3a4123e-9ca8-4ae1-bf26-fd68c8192078,"Boyneburg, Hans Jost von",MALE,Q113996912,f3a4123e-9ca8-4ae1-bf26-fd68c8192078
https://www.deckenmalerei.eu/8f49c390-2cf3-4b09-af6b-37bfd92bb8be,"Werner, Joseph",MALE,Q683867,8f49c390-2cf3-4b09-af6b-37bfd92bb8be
https://www.deckenmalerei.eu/03a1076e-c748-40e2-b2f8-944a2a22bad9,"Flemming, Jakob Heinrich von",MALE,Q77424,03a1076e-c748-40e2-b2f8-944a2a22bad9
https://www.deckenmalerei.eu/73294844-3ce3-4309-85d0-7e861d83c568,"Pöppelmann, Matthäus Daniel",MALE,Q62637,73294844-3ce3-4309-85d0-7e861d83c568
https://www.deckenmalerei.eu/c86b8c15-b917-4fba-ad9a-6e95a60bbb1c,"Eibeschütz, Benjamin Wolf",MALE,Q83538872,c86b8c15-b917-4fba-ad9a-6e95a60bbb1c
https://www.deckenmalerei.eu/e9c3427d-6a8f-4a98-8128-abcb6ab9def4,"Panse, Johann Gottfried",MALE,Q55903443,e9c3427d-6a8f-4a98-8128-abcb6ab9def4
https://www.deckenmalerei.eu/a1127a9b-051a-4315-a081-1f8ad20d3006,"Christian Ernst, Brandenburg-Bayreuth, Markgraf",MALE,Q538128,a1127a9b-051a-4315-a081-1f8ad20d3006
https://www.deckenmalerei.eu/d672bf19-aa42-48aa-8de0-af1029bab53b,"Wunder, Wilhelm Ernst",MALE,Q41321488,d672bf19-aa42-48aa-8de0-af1029bab53b
https://www.deckenmalerei.eu/5850f814-3e2b-4d0d-8ee9-89b42ca1ca04,"Friedrich III., Brandenburg-Bayreuth, Markgraf",MALE,Q213797,5850f814-3e2b-4d0d-8ee9-89b42ca1ca04
https://www.deckenmalerei.eu/ef2a6eb1-ffc3-43f9-ba9a-073f197af73c,"Buseck, Amand von",MALE,Q453667,ef2a6eb1-ffc3-43f9-ba9a-073f197af73c
https://www.deckenmalerei.eu/130c57b2-f994-456e-a6b6-2fcc6e517a09,"Schleifras, Adalbert von",MALE,Q347983,130c57b2-f994-456e-a6b6-2fcc6e517a09
https://www.deckenmalerei.eu/bd844a38-efe1-40fc-93a9-c22316defa3c,"Hessen, Philipp von, Landgraf",MALE,Q60741,bd844a38-efe1-40fc-93a9-c22316defa3c
https://www.deckenmalerei.eu/13b129ba-9f1c-461e-9dd3-b78e0d5e8fb6,"Wohlhaupter, Emanuel",MALE,Q15451945,13b129ba-9f1c-461e-9dd3-b78e0d5e8fb6
https://www.deckenmalerei.eu/10c57fd4-39a7-48cb-b289-960cc8e6b559,"Glanäus, Jodocus Edzard",MALE,Q60831621,10c57fd4-39a7-48cb-b289-960cc8e6b559
https://www.deckenmalerei.eu/998163cd-f53a-4104-a7ac-34ec244e255e,"Feill, Joseph",MALE,Q104074422,998163cd-f53a-4104-a7ac-34ec244e255e
https://www.deckenmalerei.eu/eabf1653-426b-4ecc-9e02-9267b9c76104,"Foelix, Heinrich",MALE,Q83295614,eabf1653-426b-4ecc-9e02-9267b9c76104
https://www.deckenmalerei.eu/38d55cf2-1c92-49f1-81b4-cf59a0fb3cd4,"Walderdorff, Johann Philipp, Kurfürst von Trier",MALE,Q87686,38d55cf2-1c92-49f1-81b4-cf59a0fb3cd4
https://www.deckenmalerei.eu/726f5c84-2c60-4d14-b336-93d6dbbca772,"Seiz, Johannes",MALE,Q1698405,726f5c84-2c60-4d14-b336-93d6dbbca772
https://www.deckenmalerei.eu/22dd7f20-64e0-405b-a485-ffbc8d0801ae,"Rumpf, August",MALE,Q94803175,22dd7f20-64e0-405b-a485-ffbc8d0801ae
https://www.deckenmalerei.eu/2bc46431-8422-4bec-9af6-c6270ef61c9e,"Pozzi, Carlo Maria",MALE,Q94899528,2bc46431-8422-4bec-9af6-c6270ef61c9e
https://www.deckenmalerei.eu/477c0430-3b75-4da7-84f6-8612641f368c,"Georg August Samuel, Nassau-Idstein, Fürst",MALE,Q325089,477c0430-3b75-4da7-84f6-8612641f368c
https://www.deckenmalerei.eu/4d1586fc-8c47-4525-8851-97389c91ed14,"Pink, Jacob Anton",MALE,Q30068758,4d1586fc-8c47-4525-8851-97389c91ed14
https://www.deckenmalerei.eu/a8faa29b-41f5-4358-8313-6632cb61dc51,"Schrader von Schliestedt, Heinrich Bernhard",MALE,Q1596733,a8faa29b-41f5-4358-8313-6632cb61dc51
https://www.deckenmalerei.eu/e27dee6a-f59d-4682-8a23-921f16725849,"Peltier de Belford, Martin",MALE,Q1904715,e27dee6a-f59d-4682-8a23-921f16725849
https://www.deckenmalerei.eu/2d631683-347e-498d-a241-1a5cf8960909,"Gilly, David",MALE,Q445970,2d631683-347e-498d-a241-1a5cf8960909
https://www.deckenmalerei.eu/86637799-cb8c-4ca1-833c-9a9d9765b40e,"Hornstein, Karl Heinrich von, Landkomtur",MALE,Q1213943,86637799-cb8c-4ca1-833c-9a9d9765b40e
https://www.deckenmalerei.eu/141a44d4-fbf6-43ca-aa5b-6d1b5e08c365,"Wrede, Karl Philipp, Fürst von",MALE,Q64759,141a44d4-fbf6-43ca-aa5b-6d1b5e08c365
https://www.deckenmalerei.eu/04a14c92-8847-486a-b4bd-c2d3b8a935a2,"Bonaparte, Charles Louis Napoléon",MALE,Q7721,04a14c92-8847-486a-b4bd-c2d3b8a935a2
https://www.deckenmalerei.eu/f59b28e8-db29-4a13-8377-e3e3d16ad19d,"Maucher, Franz Joseph",MALE,Q57418375,f59b28e8-db29-4a13-8377-e3e3d16ad19d
https://www.deckenmalerei.eu/4476348a-7356-40fe-a7fd-219557fd4c0c,"Wartensleben, Hermann von",MALE,Q16509461,4476348a-7356-40fe-a7fd-219557fd4c0c
https://www.deckenmalerei.eu/ab4d4751-95ee-4455-8f48-b694badaac37,"Reetz, Tobias Henry",MALE,Q2437822,ab4d4751-95ee-4455-8f48-b694badaac37
https://www.deckenmalerei.eu/670f9b1e-ab8d-4a25-a46a-d1de4bb40c6f,"Holl, Elias",MALE,Q66894,670f9b1e-ab8d-4a25-a46a-d1de4bb40c6f
https://www.deckenmalerei.eu/3599b529-3af1-42b5-971f-4e42c2088372,"Rumohr, Cai von",MALE,Q114014556,3599b529-3af1-42b5-971f-4e42c2088372
https://www.deckenmalerei.eu/a966d53d-99c9-4c92-b90e-9c760f359df8,"Quirini, Giacomo",MALE,Q85969264,a966d53d-99c9-4c92-b90e-9c760f359df8
https://www.deckenmalerei.eu/d1352d9d-6718-4552-9b93-b4c48637b07e,"Georg IV., Großbritannien, König",MALE,Q130586,d1352d9d-6718-4552-9b93-b4c48637b07e
https://www.deckenmalerei.eu/65651997-bd6a-47f2-9e62-b38a045e4683,"Cadart, Marinus",MALE,Q1898578,65651997-bd6a-47f2-9e62-b38a045e4683
https://www.deckenmalerei.eu/1d802f16-c9ed-4931-b457-400d4c0c2e20,"Laves, Georg Ludwig Friedrich",MALE,Q91343,1d802f16-c9ed-4931-b457-400d4c0c2e20
https://www.deckenmalerei.eu/5ff95cdf-2aa8-4225-b23f-59f4ca90fa29,"Christian Ludwig, Braunschweig-Lüneburg, Herzog",MALE,Q69987,5ff95cdf-2aa8-4225-b23f-59f4ca90fa29
https://www.deckenmalerei.eu/c9bce6a6-d337-4e19-9ff7-81a2bcfe3092,"Jouvenet, Jean",MALE,Q712455,c9bce6a6-d337-4e19-9ff7-81a2bcfe3092
https://www.deckenmalerei.eu/a5e197d0-c4c4-11e9-8385-59bf93401dce,"Lurago, Carlo",MALE,Q1042267,a5e197d0-c4c4-11e9-8385-59bf93401dce
https://www.deckenmalerei.eu/3687b7a0-c4cb-11e9-8385-59bf93401dce,"Riva, Antonio",MALE,Q604596,3687b7a0-c4cb-11e9-8385-59bf93401dce
https://www.deckenmalerei.eu/fd0868a5-657f-4672-afd0-a3a292d2d9c8,"Knöffler, Gottfried",MALE,Q1549022,fd0868a5-657f-4672-afd0-a3a292d2d9c8
https://www.deckenmalerei.eu/1c1bfd53-c271-4bd4-847b-a1e4d01ae79f,"Fischer, Johann Georg",MALE,Q1693821,1c1bfd53-c271-4bd4-847b-a1e4d01ae79f
https://www.deckenmalerei.eu/20f9622e-6580-44a3-b8fd-1eb3d6dce604,"Hermann, Franz Georg",MALE,Q1446907,20f9622e-6580-44a3-b8fd-1eb3d6dce604
https://www.deckenmalerei.eu/4631bc97-c1ff-4357-bb9d-1b6bcf167c2e,"Vogel, Johann Jakob",MALE,Q24706430,4631bc97-c1ff-4357-bb9d-1b6bcf167c2e
https://www.deckenmalerei.eu/361f69e1-3281-408b-9c65-88d420e57ad5,"Lothar Franz, Mainz, Erzbischof, Kurfürst",MALE,Q71715,361f69e1-3281-408b-9c65-88d420e57ad5
https://www.deckenmalerei.eu/49b2ca64-637a-41a4-baf5-4f59fb35be74,"Lecomte, Felix",MALE,Q3092512,49b2ca64-637a-41a4-baf5-4f59fb35be74
https://www.deckenmalerei.eu/0dff37e5-532d-46b2-82f0-3d074560ba49,"Friedrich Karl, Mainz, Erzbischof",MALE,Q87611,0dff37e5-532d-46b2-82f0-3d074560ba49
https://www.deckenmalerei.eu/25156ec4-9923-4003-9594-2becde2c2e20,"Eckstein, Johannes",MALE,Q6231125,25156ec4-9923-4003-9594-2becde2c2e20
https://www.deckenmalerei.eu/d1876c9e-670d-4a92-958f-09f7eb0fb70a,"Fiedler, Johann Gottlob",MALE,Q98140045,d1876c9e-670d-4a92-958f-09f7eb0fb70a
https://www.deckenmalerei.eu/97958233-ae0d-4d88-8ea1-00aa6aa6dc40,"Ritz, Johann Friedrich",MALE,Q68320914,97958233-ae0d-4d88-8ea1-00aa6aa6dc40
https://www.deckenmalerei.eu/a09f69b4-5394-4338-9aa8-4bb1ef52414a,"Friedrich Albrecht, Anhalt-Bernburg, Fürst",MALE,Q213757,a09f69b4-5394-4338-9aa8-4bb1ef52414a
https://www.deckenmalerei.eu/01d33b28-a738-4fe1-a168-4c34fadf93d4,"Huth, Johann Christian",MALE,Q55903283,01d33b28-a738-4fe1-a168-4c34fadf93d4
https://www.deckenmalerei.eu/3a517d3f-3702-4678-a248-4af2d37a25ff,"Panini, Gian Paolo",MALE,Q286670,3a517d3f-3702-4678-a248-4af2d37a25ff
https://www.deckenmalerei.eu/1b6c16df-ffbb-4a4a-a86a-cc244602c0f1,"Einsiedel, Heinrich Hildebrand von",MALE,Q1253757,1b6c16df-ffbb-4a4a-a86a-cc244602c0f1
https://www.deckenmalerei.eu/8c20dd44-62d7-4f6e-9ba3-f62906dbd274,"Augusta, von Dänemark",FEMALE,Q274428,8c20dd44-62d7-4f6e-9ba3-f62906dbd274
https://www.deckenmalerei.eu/a3f9f0f9-c890-427a-9afa-c6a470b1adce,"Spilberg, Johann",MALE,Q6216996,a3f9f0f9-c890-427a-9afa-c6a470b1adce
https://www.deckenmalerei.eu/becb3a08-c497-435d-9f64-877fdac7e4f2,"Philipp Wilhelm, Pfalz, Kurfürst",MALE,Q60514,becb3a08-c497-435d-9f64-877fdac7e4f2
https://www.deckenmalerei.eu/69f885a5-2f32-49da-a75b-0d035666a3cc,"Elisabeth Amalie Magdalene, Pfalz, Kurfürstin",FEMALE,Q237761,69f885a5-2f32-49da-a75b-0d035666a3cc
https://www.deckenmalerei.eu/8c32e99a-4083-4502-a6ec-c05e1636404f,"Baldauf, Ignaz",MALE,Q1657411,8c32e99a-4083-4502-a6ec-c05e1636404f
https://www.deckenmalerei.eu/c06081c7-d5fd-42d5-b3cf-80812ef146c7,"Dietrich, Wendel",MALE,Q2558943,c06081c7-d5fd-42d5-b3cf-80812ef146c7
https://www.deckenmalerei.eu/285c62bc-2abc-49f7-8768-236b6eb9dc7f,"Fugger, Johann",MALE,Q109272,285c62bc-2abc-49f7-8768-236b6eb9dc7f
https://www.deckenmalerei.eu/ab809c96-57bd-4838-9efe-c6f3e2840768,"Erschay, Jakob",MALE,Q1514373,ab809c96-57bd-4838-9efe-c6f3e2840768
https://www.deckenmalerei.eu/95d87a98-2be2-491f-b539-88d7987f6cb1,"Magdalena Sibylla, Württemberg, Herzogin",FEMALE,Q62217,95d87a98-2be2-491f-b539-88d7987f6cb1
https://www.deckenmalerei.eu/13e3b248-cd7d-4cfd-9b0a-c0984ffe95a3,"Sommer, Johann Jakob",MALE,Q105395376,13e3b248-cd7d-4cfd-9b0a-c0984ffe95a3
https://www.deckenmalerei.eu/18da0793-61d3-4f1a-9d3a-3bf87ca300a9,"Hopfer, Georg Thomas",MALE,Q95248486,18da0793-61d3-4f1a-9d3a-3bf87ca300a9
https://www.deckenmalerei.eu/08dfa180-f74c-454d-9435-c3ce77c72cb8,"Schmuzer, Andreas",MALE,Q55884294,08dfa180-f74c-454d-9435-c3ce77c72cb8
https://www.deckenmalerei.eu/21acd199-73cc-4777-aeff-89fa1bef7bd1,"Ebenhech, Georg Franz",MALE,Q1277861,21acd199-73cc-4777-aeff-89fa1bef7bd1
https://www.deckenmalerei.eu/07846444-0ea2-43b7-9c75-b5650c8d268c,"Sartori, Constantin Philipp",MALE,Q1127900,07846444-0ea2-43b7-9c75-b5650c8d268c
https://www.deckenmalerei.eu/c54c8e19-8f87-4e8b-8d96-3e028d45919e,"Erdmannsdorff, Friedrich Wilhelm von",MALE,Q66929,c54c8e19-8f87-4e8b-8d96-3e028d45919e
https://www.deckenmalerei.eu/e28bc641-3661-40fb-8265-d1bad021c1ce,"Rauscher, Johann Albrecht Friedrich",MALE,Q51123720,e28bc641-3661-40fb-8265-d1bad021c1ce
https://www.deckenmalerei.eu/9d8cd930-69ab-458e-aab3-e77ac705d22e,"Klingner, Johann Gottlob",MALE,Q60845261,9d8cd930-69ab-458e-aab3-e77ac705d22e
https://www.deckenmalerei.eu/e71103cd-e421-4090-ba92-6bba7fdd98a1,"Heinrich LI., Reuß-Ebersdorf, Fürst",MALE,Q642401,e71103cd-e421-4090-ba92-6bba7fdd98a1
https://www.deckenmalerei.eu/c15a97b0-a298-4f88-95ec-9ab5d8b759ef,"Heinrich XXIX., Reuß-Ebersdorf, Graf",MALE,Q323057,c15a97b0-a298-4f88-95ec-9ab5d8b759ef
https://www.deckenmalerei.eu/7365b825-54a4-4977-8cd5-b99acb51126b,"Heinrich X., Reuß-Ebersdorf, Graf",MALE,Q323050,7365b825-54a4-4977-8cd5-b99acb51126b
https://www.deckenmalerei.eu/cc477626-860b-4d94-ac17-8a47ee986424,"Schuricht, Christian Friedrich",MALE,Q98329,cc477626-860b-4d94-ac17-8a47ee986424
https://www.deckenmalerei.eu/e4272e23-1009-4a61-8754-54c445d1914c,"Swinburne, Henri",MALE,Q2413284,e4272e23-1009-4a61-8754-54c445d1914c
https://www.deckenmalerei.eu/4fc8a7aa-9a99-43cd-bcc8-11e8ca9526bc,"Choiseul-Gouffier, Marie Gabriel Florent Auguste de",MALE,Q1336002,4fc8a7aa-9a99-43cd-bcc8-11e8ca9526bc
https://www.deckenmalerei.eu/6421fda7-f053-4e21-bcf9-e1a77186bcfc,"Sullivan, Luke",MALE,Q18593347,6421fda7-f053-4e21-bcf9-e1a77186bcfc
https://www.deckenmalerei.eu/a0fa7f83-46f1-43ec-b66c-64eb7a29e128,"Gleichen, Philipp Ernst von",MALE,Q44192733,a0fa7f83-46f1-43ec-b66c-64eb7a29e128
https://www.deckenmalerei.eu/bf29aed7-ba41-4cc5-bb2b-916b42948f67,"Clara, Braunschweig-Lüneburg-Gifhorn, Herzogin",FEMALE,Q16566720,bf29aed7-ba41-4cc5-bb2b-916b42948f67
https://www.deckenmalerei.eu/4bf154c1-dc2c-4879-b7c2-1cbed4ee5777,"Franz, Braunschweig-Lüneburg, Herzog",MALE,Q70811,4bf154c1-dc2c-4879-b7c2-1cbed4ee5777
https://www.deckenmalerei.eu/a6b5d412-7228-47ee-aa11-24495b872bb8,"Thienen, Heinrich von",,Q116775718,a6b5d412-7228-47ee-aa11-24495b872bb8
https://www.deckenmalerei.eu/3b07e679-2dca-49f0-94aa-dc3a12e4efe5,"Dallin, Rudolph Matthias",,Q2174463,3b07e679-2dca-49f0-94aa-dc3a12e4efe5
https://www.deckenmalerei.eu/26cf17be-e27d-4f80-a323-43a8958ff9a8,"Blome, Christoph von",,Q55848559,26cf17be-e27d-4f80-a323-43a8958ff9a8
https://www.deckenmalerei.eu/bd92d084-c67f-49cf-928e-5fa624f973c4,"Stolberg, Wolfgang zu",MALE,Q114334,bd92d084-c67f-49cf-928e-5fa624f973c4
https://www.deckenmalerei.eu/83e1a356-d3cd-4de1-bf94-01d2fe889a42,"Stolberg, Christoph Ludwig von",MALE,Q8126358,83e1a356-d3cd-4de1-bf94-01d2fe889a42
https://www.deckenmalerei.eu/80028506-f57a-416a-974d-ba0fcc20f7ae,"Stolberg-Stolberg, Christoph Friedrich zu",MALE,Q1084936,80028506-f57a-416a-974d-ba0fcc20f7ae
https://www.deckenmalerei.eu/57349b65-7878-4460-a581-395e59b426ed,"Günther, Andreas",MALE,Q95308182,57349b65-7878-4460-a581-395e59b426ed
https://www.deckenmalerei.eu/9eeab677-4774-4f72-a7ba-9293e32839cc,"Schall von Bell, Ferdinand",MALE,Q94865478,9eeab677-4774-4f72-a7ba-9293e32839cc
https://www.deckenmalerei.eu/ea0f881a-45e9-489e-9bef-529bae772854,"Leydel, Johann Georg",MALE,Q15821251,ea0f881a-45e9-489e-9bef-529bae772854
https://www.deckenmalerei.eu/929563c1-d256-49cf-923b-c1d768a27f67,"Kress von Kressenstein, Johannes Adam",MALE,Q94881991,929563c1-d256-49cf-923b-c1d768a27f67
https://www.deckenmalerei.eu/bc83129a-5c52-4113-afd7-81d4b8c11446,"Karl August, Nassau-Weilburg, Fürst",MALE,Q475952,bc83129a-5c52-4113-afd7-81d4b8c11446
https://www.deckenmalerei.eu/f172845f-b988-46a6-84ed-52674ee24481,"Savery, Salomon",MALE,Q2287049,f172845f-b988-46a6-84ed-52674ee24481
https://www.deckenmalerei.eu/8f34c8d8-7913-4ed6-9dd6-2748fa2aa6b4,"Passe, Crispyn de, Der Jüngere",MALE,Q1140201,8f34c8d8-7913-4ed6-9dd6-2748fa2aa6b4
https://www.deckenmalerei.eu/d0ccbb20-342a-47ae-82da-1121e1d73fdf,"Ludwig Friedrich I., Schwarzburg-Rudolstadt, Fürst",MALE,Q66847,d0ccbb20-342a-47ae-82da-1121e1d73fdf
https://www.deckenmalerei.eu/69c8b6b1-7f57-4eda-bc0a-47c5f2e07ac6,"Pfunner, Johann",MALE,Q1277777,69c8b6b1-7f57-4eda-bc0a-47c5f2e07ac6
https://www.deckenmalerei.eu/f0dd4718-6185-4290-8db1-885f66680a56,"Ludwig Georg Simpert, Baden-Baden, Markgraf",MALE,Q64971,f0dd4718-6185-4290-8db1-885f66680a56
https://www.deckenmalerei.eu/4623e998-789c-46ef-8b40-189b75e005f4,"August Georg Simpert, Baden-Baden, Markgraf",MALE,Q302561,4623e998-789c-46ef-8b40-189b75e005f4
https://www.deckenmalerei.eu/752c3a5c-aa95-4c7f-bd5b-b4826b52ba7c,"Sachsen-Altenburg, Johann Philipp von, Herzog",MALE,Q569335,752c3a5c-aa95-4c7f-bd5b-b4826b52ba7c
https://www.deckenmalerei.eu/7f3cb668-4118-423d-b531-7e1764a09669,"Calandrucci, Giacinto",MALE,Q957255,7f3cb668-4118-423d-b531-7e1764a09669
https://www.deckenmalerei.eu/9e57ca6b-ee45-4f6c-8f36-9583fa287f49,"Christian II., Sachsen, Kurfürst",MALE,Q695210,9e57ca6b-ee45-4f6c-8f36-9583fa287f49
https://www.deckenmalerei.eu/6a41481b-f2ed-459d-9f9a-ae5ac3d01dc8,"Wilhelmine Friederike Sophie, Brandenburg-Bayreuth, Markgräfin",FEMALE,Q237740,6a41481b-f2ed-459d-9f9a-ae5ac3d01dc8
https://www.deckenmalerei.eu/6074acfe-efa7-4fc5-ad7a-eb4059e71b9c,"Saint-Pierre, Joseph",MALE,Q1168656,6074acfe-efa7-4fc5-ad7a-eb4059e71b9c
https://www.deckenmalerei.eu/8e7b5f48-07d4-463c-8a8b-00341fcbc07e,Graf Johann VI. von Nassau-Dillenburg,MALE,Q71434,8e7b5f48-07d4-463c-8a8b-00341fcbc07e
https://www.deckenmalerei.eu/56ae5e2d-da02-413b-8ec2-0c960295fe2a,Fürst Johann Ludwig von Nassau-Hadamar,MALE,Q88853,56ae5e2d-da02-413b-8ec2-0c960295fe2a
https://www.deckenmalerei.eu/53a6916c-b9ee-4879-a536-e5e1901f572b,"Oelsner, Norbert",MALE,Q95350101,53a6916c-b9ee-4879-a536-e5e1901f572b
https://www.deckenmalerei.eu/2279d086-a022-4922-a82b-f0156d77ccbb,"Walther, Hans",MALE,Q1527747,2279d086-a022-4922-a82b-f0156d77ccbb
https://www.deckenmalerei.eu/b420ac3c-69f2-40f7-9065-c44db8b8eadc,"Fabritius, Kilian",MALE,Q21415826,b420ac3c-69f2-40f7-9065-c44db8b8eadc
https://www.deckenmalerei.eu/700badc3-8162-4337-8c1c-835aca26179b,"Tola, Gabriele",MALE,Q48428784,700badc3-8162-4337-8c1c-835aca26179b
https://www.deckenmalerei.eu/53a85c8f-9d3c-42dc-ab3b-d7dc605479fb,"Schiebling, Christian",MALE,Q1081726,53a85c8f-9d3c-42dc-ab3b-d7dc605479fb
https://www.deckenmalerei.eu/338b5825-01d1-4546-b069-084d357e31f9,"Tola, Benedetto",MALE,Q2895738,338b5825-01d1-4546-b069-084d357e31f9
https://www.deckenmalerei.eu/07e98e83-3b1d-4213-8dd3-ec3233632f85,"Wehme, Zacharias",MALE,Q18575694,07e98e83-3b1d-4213-8dd3-ec3233632f85
https://www.deckenmalerei.eu/d59b7f6b-bd98-41ec-9356-2e1990fbe5a7,"Buchner, Paul",MALE,Q2059034,d59b7f6b-bd98-41ec-9356-2e1990fbe5a7
https://www.deckenmalerei.eu/a5771d5b-ebb3-41a3-a89b-9b6f9f039446,"Leplat, Raymond",MALE,Q2134189,a5771d5b-ebb3-41a3-a89b-9b6f9f039446
https://www.deckenmalerei.eu/818643d8-1023-40ac-b5a5-fba2cf2dd781,"Dilich, Wilhelm",MALE,Q2572381,818643d8-1023-40ac-b5a5-fba2cf2dd781
https://www.deckenmalerei.eu/15f4d90b-439f-499b-86d5-4b33e1b8d684,"Miltitz, Ernst von",MALE,Q21415811,15f4d90b-439f-499b-86d5-4b33e1b8d684
https://www.deckenmalerei.eu/ca8f319d-4f3f-4e89-a31f-2c32ace755a6,"Xaver, Sachsen, Prinz",MALE,Q63605,ca8f319d-4f3f-4e89-a31f-2c32ace755a6
https://www.deckenmalerei.eu/ba795eb9-fdce-4bdf-9b3b-e39d4238bf2c,"Moritz, Sachsen, Kurfürst",MALE,Q317710,ba795eb9-fdce-4bdf-9b3b-e39d4238bf2c
https://www.deckenmalerei.eu/a08ba2ff-1b63-4a24-819f-7fadcb9d832a,"Johann Georg I., Sachsen, Kurfürst",MALE,Q366652,a08ba2ff-1b63-4a24-819f-7fadcb9d832a
https://www.deckenmalerei.eu/1352f114-c956-4ca0-9e45-9908dfeee463,"Christian I., Sachsen, Kurfürst",MALE,Q705358,1352f114-c956-4ca0-9e45-9908dfeee463
https://www.deckenmalerei.eu/040dfe83-76fe-4a6c-a39c-8058d882ebca,"Friedrich August I., Sachsen, König",MALE,Q53444,040dfe83-76fe-4a6c-a39c-8058d882ebca
https://www.deckenmalerei.eu/965765d8-d86b-4235-9af8-ebfe3ba99648,"Brenner, Melchior",MALE,Q21415899,965765d8-d86b-4235-9af8-ebfe3ba99648
https://www.deckenmalerei.eu/84a0c67b-d80a-46bd-b4fb-3519ac142d75,"Dehn-Rothfelser, Hans von",MALE,Q1583370,84a0c67b-d80a-46bd-b4fb-3519ac142d75
https://www.deckenmalerei.eu/38e020c4-d7db-4c6a-9244-766197939995,"Vogt von Wierandt, Caspar",MALE,Q1048058,38e020c4-d7db-4c6a-9244-766197939995
https://www.deckenmalerei.eu/fcafbb0a-7bf0-4d32-ad3a-06f545e7947f,"Nosseni, Giovanni Maria",MALE,Q1526236,fcafbb0a-7bf0-4d32-ad3a-06f545e7947f
https://www.deckenmalerei.eu/3d9f7dde-3802-4ba3-8668-b52b6bc1741e,"Exner, Christian Friedrich",MALE,Q1079579,3d9f7dde-3802-4ba3-8668-b52b6bc1741e
https://www.deckenmalerei.eu/a459fdf0-7303-494a-902e-6659b15be6e9,"Albert Kasimir, Sachsen-Teschen, Herzog",MALE,Q60657,a459fdf0-7303-494a-902e-6659b15be6e9
https://www.deckenmalerei.eu/e3f1de61-6ac4-44d7-9654-01fd39b2c5d1,"Johann Georg IV., Sachsen, Kurfürst",MALE,Q61093,e3f1de61-6ac4-44d7-9654-01fd39b2c5d1
https://www.deckenmalerei.eu/0d4c07ec-7c75-4967-b63c-06500024de51,"Longuelune, Zacharias",MALE,Q139515,0d4c07ec-7c75-4967-b63c-06500024de51
https://www.deckenmalerei.eu/586e3a86-52bc-4aff-9edd-15d35c1a17b0,"Keller, Christoph Dietrich von",MALE,Q18333233,586e3a86-52bc-4aff-9edd-15d35c1a17b0
https://www.deckenmalerei.eu/c6f58d86-5448-4d0d-848d-f221d2e0cfea,"Fürstenberg, Caspar Friedrich von",MALE,Q1463718,c6f58d86-5448-4d0d-848d-f221d2e0cfea
https://www.deckenmalerei.eu/02d71c30-7a44-44ad-aeda-9a1f5813d650,"Fürstenberg, Caspar von",MALE,Q1347056,02d71c30-7a44-44ad-aeda-9a1f5813d650
https://www.deckenmalerei.eu/42780b85-d5a9-47ca-b346-de73f5bb8adf,"Tobiaschu, Adalbert",MALE,Q347705,42780b85-d5a9-47ca-b346-de73f5bb8adf
https://www.deckenmalerei.eu/a932c2fd-9882-4414-9b66-dc4439b0e3f0,"Schöttl, Albert",MALE,Q1718858,a932c2fd-9882-4414-9b66-dc4439b0e3f0
https://www.deckenmalerei.eu/a5bc1101-01b4-4fc6-a478-264f0fca78ca,"Speer, Martin",MALE,Q1751073,a5bc1101-01b4-4fc6-a478-264f0fca78ca
https://www.deckenmalerei.eu/c2a962ed-a75a-486c-8de5-bcbdcc94e5da,"Knuth, Adam Levin von",MALE,Q5915913,c2a962ed-a75a-486c-8de5-bcbdcc94e5da
https://www.deckenmalerei.eu/b986cd73-434e-4a2a-aa65-69cc8d8b60aa,"Müller, Johann Benjamin",MALE,Q97324772,b986cd73-434e-4a2a-aa65-69cc8d8b60aa
https://www.deckenmalerei.eu/16103cda-ca15-415f-8885-2ceda300f4d4,"Wolff-Metternich, Hermann Werner von",MALE,Q1613052,16103cda-ca15-415f-8885-2ceda300f4d4
https://www.deckenmalerei.eu/21513794-06b6-40f8-9b8a-0dbe289ec017,"Karl, Trier, Erzbischof",MALE,Q651883,21513794-06b6-40f8-9b8a-0dbe289ec017
https://www.deckenmalerei.eu/1cc54315-8626-4806-9358-823ff0a74584,"Friedrich, York und Albany, Herzog",MALE,Q213573,1cc54315-8626-4806-9358-823ff0a74584
https://www.deckenmalerei.eu/3961178e-2c21-4cf4-af8b-5c0b89b23bcb,"Orlandi, Felice",MALE,Q133249796,3961178e-2c21-4cf4-af8b-5c0b89b23bcb
https://www.deckenmalerei.eu/fdf672b5-3d9e-424c-91c0-62ed8536aaec,"Hoym, Julius Gebhard von",MALE,Q54153075,fdf672b5-3d9e-424c-91c0-62ed8536aaec
https://www.deckenmalerei.eu/06f561d9-5ac4-4b55-a57a-1fb45960c68d,"Cobres, Joseph Paul von",MALE,Q21508771,06f561d9-5ac4-4b55-a57a-1fb45960c68d
https://www.deckenmalerei.eu/80b99306-a756-4afa-a4a4-4b48dd9eb7c8,"Rigl, Vitus Felix",MALE,Q2528928,80b99306-a756-4afa-a4a4-4b48dd9eb7c8
https://www.deckenmalerei.eu/643e6450-c4c6-11e9-8385-59bf93401dce,"Franziska, Württemberg, Herzogin",FEMALE,Q212506,643e6450-c4c6-11e9-8385-59bf93401dce
https://www.deckenmalerei.eu/19944b47-a5b9-4b65-8d0a-61130c0395dd,"Feige, Johann Christian, der Ältere",MALE,Q1692908,19944b47-a5b9-4b65-8d0a-61130c0395dd
https://www.deckenmalerei.eu/8e3255d3-d852-42f9-89b7-3789e2a4b8af,"Bähr, George",MALE,Q66169,8e3255d3-d852-42f9-89b7-3789e2a4b8af
https://www.deckenmalerei.eu/8c8d8846-4cc3-41ba-84b6-0c802ef84929,"Fehre, Johann Gottfried",MALE,Q1694091,8c8d8846-4cc3-41ba-84b6-0c802ef84929
https://www.deckenmalerei.eu/9b439f7c-32dc-4274-aace-2a043d096917,"Ulrich, Mecklenburg, Herzog",MALE,Q687028,9b439f7c-32dc-4274-aace-2a043d096917
https://www.deckenmalerei.eu/c67471f5-c7f6-46ea-9efc-e716c3c66e37,"Midow, Claus",MALE,Q18620103,c67471f5-c7f6-46ea-9efc-e716c3c66e37
https://www.deckenmalerei.eu/63bb623a-0244-4e96-8ea3-22ac4390fcac,"Pahr, Christoph",MALE,Q6032524,63bb623a-0244-4e96-8ea3-22ac4390fcac
https://www.deckenmalerei.eu/3766886b-1c75-486c-8cff-3f7e404db1c3,"Pahr, Franciscus",MALE,Q6032500,3766886b-1c75-486c-8cff-3f7e404db1c3
https://www.deckenmalerei.eu/07c4530d-86a6-47a1-9ada-1651cb38f26f,"Brandin, Philipp",MALE,Q2086606,07c4530d-86a6-47a1-9ada-1651cb38f26f
https://www.deckenmalerei.eu/d5b473bb-70d8-451f-bdd7-fc057e7aee6d,"Hedwig, Braunschweig-Wolfenbüttel, Herzogin",FEMALE,Q525125,d5b473bb-70d8-451f-bdd7-fc057e7aee6d
https://www.deckenmalerei.eu/a1bb03af-c4ee-45b2-824f-33de027bda95,"Francke, Paul",MALE,Q122489,a1bb03af-c4ee-45b2-824f-33de027bda95
https://www.deckenmalerei.eu/2a0b4800-c4c3-11e9-8385-59bf93401dce,"Dorothea, Braunschweig-Lüneburg, Herzogin",FEMALE,Q2086776,2a0b4800-c4c3-11e9-8385-59bf93401dce
https://www.deckenmalerei.eu/dbeec572-5028-4ce6-a1f5-d21b093c7709,"Grael, Johann Friedrich",MALE,Q1693561,dbeec572-5028-4ce6-a1f5-d21b093c7709
https://www.deckenmalerei.eu/465f392f-35b6-4941-9c70-d93830cd1c4d,"Räntz, Johann David, der Ältere",MALE,Q55903936,465f392f-35b6-4941-9c70-d93830cd1c4d
https://www.deckenmalerei.eu/2f67b9da-1011-4027-9fbb-97557ff923ab,"Albini, Rudolf",MALE,Q1325007,2f67b9da-1011-4027-9fbb-97557ff923ab
https://www.deckenmalerei.eu/fda943d0-9ce6-4e29-8487-e0153242a981,"Richter, Rudolf Heinrich",MALE,Q94763881,fda943d0-9ce6-4e29-8487-e0153242a981
https://www.deckenmalerei.eu/6fc5362e-be50-4e5d-b2a2-44a0f56559e9,"Nickelen, Rymer",MALE,Q25998315,6fc5362e-be50-4e5d-b2a2-44a0f56559e9
https://www.deckenmalerei.eu/2344fa1e-c1fe-49da-80b7-3573253ab6fc,"Räntz, Elias",MALE,Q1329123,2344fa1e-c1fe-49da-80b7-3573253ab6fc
https://www.deckenmalerei.eu/c816194c-e125-4e06-a9a3-fdacc632439c,"Hennicke, Georg",MALE,Q94844968,c816194c-e125-4e06-a9a3-fdacc632439c
https://www.deckenmalerei.eu/38acafa8-2969-4688-8dab-51e7e8c83b66,"Simonetti, Giovanni",MALE,Q1120244,38acafa8-2969-4688-8dab-51e7e8c83b66
https://www.deckenmalerei.eu/d730eb12-3d1f-4ce0-b696-719f37a2fad2,"Lubieniecki, Theodor",MALE,Q9356797,d730eb12-3d1f-4ce0-b696-719f37a2fad2
https://www.deckenmalerei.eu/569c8fe8-8d8f-4c05-a5d6-89c6fac449fe,"Bellan, Nikolaus Bruno",MALE,Q38082216,569c8fe8-8d8f-4c05-a5d6-89c6fac449fe
https://www.deckenmalerei.eu/1d371212-6586-4cde-b79e-393ad4350d57,"Errard, Charles",MALE,Q706960,1d371212-6586-4cde-b79e-393ad4350d57
https://www.deckenmalerei.eu/1af65490-c4fa-11e9-ba3b-056cb58d1f03,"Grävenitz, Friedrich Wilhelm von",MALE,Q1463292,1af65490-c4fa-11e9-ba3b-056cb58d1f03
https://www.deckenmalerei.eu/5e388020-c4fa-11e9-ba3b-056cb58d1f03,"Retti, Paolo",MALE,Q55845969,5e388020-c4fa-11e9-ba3b-056cb58d1f03
https://www.deckenmalerei.eu/23cb6c00-ca71-11e9-8c61-337f8ac1dbc1,"Retti, Riccardo",MALE,Q55859686,23cb6c00-ca71-11e9-8c61-337f8ac1dbc1
https://www.deckenmalerei.eu/10306b20-ca6f-11e9-8c61-337f8ac1dbc1,"Corbellini, Giacomo Antonio",MALE,Q1442061,10306b20-ca6f-11e9-8c61-337f8ac1dbc1
https://www.deckenmalerei.eu/22be51eb-3c69-4984-8bdf-2cc74b3b6ec3,"Harsewinkel, Florenz Karl Joseph",MALE,Q94788803,22be51eb-3c69-4984-8bdf-2cc74b3b6ec3
https://www.deckenmalerei.eu/fdee2c76-e81c-4775-aca9-a154806170aa,"Brockdorff, Detlef von",,Q12308704,fdee2c76-e81c-4775-aca9-a154806170aa
https://www.deckenmalerei.eu/8dfe3d96-ed39-4ad9-a70c-d31a080ba21e,"Üblhör, Johann Georg",MALE,Q1694023,8dfe3d96-ed39-4ad9-a70c-d31a080ba21e
https://www.deckenmalerei.eu/531cdacd-e2c2-4404-b2bb-d99d724a0f2d,"Hermann, Franz Joseph",MALE,Q15830427,531cdacd-e2c2-4404-b2bb-d99d724a0f2d
https://www.deckenmalerei.eu/ba026b18-0faf-4012-88e1-9ae3a8d625ad,"Syrgenstein, Engelbert von, Kempten, Fürstabt",MALE,Q15427536,ba026b18-0faf-4012-88e1-9ae3a8d625ad
https://www.deckenmalerei.eu/89dd7d78-2a9f-4629-9259-aea3faebc265,"Bodman, Rupert von, Kempten, Fürstabt",MALE,Q1597968,89dd7d78-2a9f-4629-9259-aea3faebc265
https://www.deckenmalerei.eu/38f6c037-2a16-4697-821a-46ad47c1ae0b,"Reichlin-Meldegg, Anselm von, Kempten, Fürstabt",MALE,Q15427532,38f6c037-2a16-4697-821a-46ad47c1ae0b
https://www.deckenmalerei.eu/2820d4d9-a161-411e-83d6-a375d7facd4f,"Neuenstein, Rupert von, Kempten, Fürstabt",MALE,Q15427540,2820d4d9-a161-411e-83d6-a375d7facd4f
https://www.deckenmalerei.eu/27960ae3-867d-455e-b913-8ea802962c2e,"Giel von Gielsberg, Roman, Kempten, Fürstabt",MALE,Q15427525,27960ae3-867d-455e-b913-8ea802962c2e
https://www.deckenmalerei.eu/34e762cb-fa44-49a8-be1b-aaa16183bfa7,"Ruel, Johann Baptist de",MALE,Q6215624,34e762cb-fa44-49a8-be1b-aaa16183bfa7
https://www.deckenmalerei.eu/020919eb-e85c-4220-ad21-fc3697c82e01,"Counet, Louis",MALE,Q3261610,020919eb-e85c-4220-ad21-fc3697c82e01
https://www.deckenmalerei.eu/7b57bf76-6b27-4c9e-b3a1-6fee22e832ee,"Sötern, Philipp Christoph von",MALE,Q316832,7b57bf76-6b27-4c9e-b3a1-6fee22e832ee
https://www.deckenmalerei.eu/b9f8758e-13a0-4d3e-ab5e-1d5b94f5990c,"Riedinger, Georg",MALE,Q1505745,b9f8758e-13a0-4d3e-ab5e-1d5b94f5990c
https://www.deckenmalerei.eu/ee2358f1-cea1-4ee9-bb5f-c34bd6174b7d,"Plettenberg, Ferdinand von",MALE,Q1406011,ee2358f1-cea1-4ee9-bb5f-c34bd6174b7d
https://www.deckenmalerei.eu/14a0a8c7-cc62-4eab-a318-d9cd099242fe,"Plettenberg, Ferdinand von",MALE,Q1406013,14a0a8c7-cc62-4eab-a318-d9cd099242fe
https://www.deckenmalerei.eu/d316623f-6b4a-4aab-9ad7-a159699543e7,"Decker, Paul, der Ältere",MALE,Q1798811,d316623f-6b4a-4aab-9ad7-a159699543e7
https://www.deckenmalerei.eu/d87ae5e1-665e-4d6a-a793-f43e60fb0fb5,"Beich, Joachim Franz",MALE,Q737117,d87ae5e1-665e-4d6a-a793-f43e60fb0fb5
https://www.deckenmalerei.eu/4f01c4de-970e-48d9-a49a-afdfd5d9984c,"Winter, Franz Joseph",MALE,Q21638984,4f01c4de-970e-48d9-a49a-afdfd5d9984c
https://www.deckenmalerei.eu/1f82ed24-2880-428c-a263-09474b14c492,"Douven, Jan Frans",MALE,Q643494,1f82ed24-2880-428c-a263-09474b14c492
https://www.deckenmalerei.eu/c2dddd6e-f387-49f6-ac46-09b2ef81eb47,"Hackert, Jakob Philipp",MALE,Q560528,c2dddd6e-f387-49f6-ac46-09b2ef81eb47
https://www.deckenmalerei.eu/d19c85da-8af7-4920-939a-012d6859627f,"Olthof, Adolf Friedrich von",MALE,Q361713,d19c85da-8af7-4920-939a-012d6859627f
https://www.deckenmalerei.eu/511a43e8-7777-4dc1-84b9-9f2f6ceeee99,"Zemisch, Gottlieb Benedict",MALE,Q26038724,511a43e8-7777-4dc1-84b9-9f2f6ceeee99
https://www.deckenmalerei.eu/0406fa43-f152-42dd-b1da-21a07ea8644c,"Seltendorff, Friedrich",MALE,Q1462213,0406fa43-f152-42dd-b1da-21a07ea8644c
https://www.deckenmalerei.eu/9fb20e15-b930-45a2-9a1c-e1a1b2c2448c,"Ostade, Adriaen van",MALE,Q352438,9fb20e15-b930-45a2-9a1c-e1a1b2c2448c
https://www.deckenmalerei.eu/dc425756-d8a1-4667-8a73-0f7dd95de590,"Gabriel, Eustachius",MALE,Q1378717,dc425756-d8a1-4667-8a73-0f7dd95de590
https://www.deckenmalerei.eu/3f88bd22-1457-44c2-8873-4d588d830cec,Georg Joseph Wagner,MALE,Q55133333,3f88bd22-1457-44c2-8873-4d588d830cec
https://www.deckenmalerei.eu/a3da5fca-a096-4f8c-9a2b-e34b48bae7f1,"Pedrozzi, Johann Baptist",MALE,Q14538283,a3da5fca-a096-4f8c-9a2b-e34b48bae7f1
https://www.deckenmalerei.eu/7e11ea74-405b-43c9-99d9-80fe8b510e58,"Gontard, Karl Philipp Christian von",MALE,Q68768,7e11ea74-405b-43c9-99d9-80fe8b510e58
https://www.deckenmalerei.eu/0792c834-0f0a-4176-8eb3-644c1b784e6b,"Am Ende, Johann Heinrich",MALE,Q1393112,0792c834-0f0a-4176-8eb3-644c1b784e6b
https://www.deckenmalerei.eu/3726bc9d-ff45-4d95-a32e-59676942cbac,"Goethe, Johann Wolfgang von",MALE,Q5879,3726bc9d-ff45-4d95-a32e-59676942cbac
https://www.deckenmalerei.eu/d260ca36-8ae9-4e0c-b910-dd5da198c39e,"Karl Theodor, Mainz, Erzbischof",MALE,Q61353,d260ca36-8ae9-4e0c-b910-dd5da198c39e
https://www.deckenmalerei.eu/635daac5-8089-4985-85a0-2ce87cb79736,"Perinetti, Giacomo",MALE,Q79475367,635daac5-8089-4985-85a0-2ce87cb79736
https://www.deckenmalerei.eu/feacd3d9-79d0-4aa6-9351-c047c94581d9,"Rudolf August, Braunschweig-Lüneburg, Herzog",MALE,Q65655,feacd3d9-79d0-4aa6-9351-c047c94581d9
https://www.deckenmalerei.eu/29562034-cac8-4301-8baf-2817f9d8ac9c,"Ludwig Rudolf, Braunschweig-Lüneburg, Herzog",MALE,Q61512,29562034-cac8-4301-8baf-2817f9d8ac9c
https://www.deckenmalerei.eu/24a07a83-6fdf-4ba7-8f3d-d9b84b10754c,"Christian Wilhelm, Schwarzburg-Sondershausen, Fürst",MALE,Q71987,24a07a83-6fdf-4ba7-8f3d-d9b84b10754c
https://www.deckenmalerei.eu/a298e8cc-9ade-40f4-863b-d21dd3820545,"Lerchenfelder, Kaspar",MALE,Q60843339,a298e8cc-9ade-40f4-863b-d21dd3820545
https://www.deckenmalerei.eu/68f5339c-959d-4e53-9778-c98e51582f8d,"Heinrich XIII., Bayern, Herzog",MALE,Q61154,68f5339c-959d-4e53-9778-c98e51582f8d
https://www.deckenmalerei.eu/8ecd963b-03fe-49bc-aaf2-4b7d4010dba5,"Wilhelm IV., Sachsen-Weimar, Herzog",MALE,Q65133,8ecd963b-03fe-49bc-aaf2-4b7d4010dba5
https://www.deckenmalerei.eu/56ba88b0-63e0-4154-9aef-2fc6e9ce2316,"Wolfger, Aquileia, Patriarch",MALE,Q2591921,56ba88b0-63e0-4154-9aef-2fc6e9ce2316
https://www.deckenmalerei.eu/783a1e01-1b23-4117-bbc1-851eb9c0d189,"Hoyms, Julius Gebhardt von",MALE,Q54153075,783a1e01-1b23-4117-bbc1-851eb9c0d189
https://www.deckenmalerei.eu/5942943e-ebf5-4eaa-a275-1a18414e6582,"Brühl, Johann Adolph Graf von",MALE,Q15296670,5942943e-ebf5-4eaa-a275-1a18414e6582
https://www.deckenmalerei.eu/8f3fe851-cf2d-4489-88c8-2466aa1bf8a2,"Höltzer, Gottlob August",MALE,Q55842888,8f3fe851-cf2d-4489-88c8-2466aa1bf8a2
https://www.deckenmalerei.eu/a782ec2d-f2a3-4bfd-8496-a4dd72aa22cd,"Heinrich Friedrich, Hohenlohe-Langenburg, Graf",MALE,Q69927,a782ec2d-f2a3-4bfd-8496-a4dd72aa22cd
https://www.deckenmalerei.eu/decec5cc-4ca5-4a22-9a37-397d9cef02d7,"Albrecht Wofgang, Hohenlohe-Langenburg, Graf",MALE,Q86680,decec5cc-4ca5-4a22-9a37-397d9cef02d7
https://www.deckenmalerei.eu/77311c7a-dd67-4988-bd3e-6462f43d9082,"Luise Charlotte, Hohenlohe-Langenburg, Gräfin",FEMALE,Q55914302,77311c7a-dd67-4988-bd3e-6462f43d9082
https://www.deckenmalerei.eu/ef33ab36-6136-43fd-b08e-9b7805202f2b,"Augusta Dorothea, Hohenlohe-Langenburg, Gräfin",FEMALE,Q60838334,ef33ab36-6136-43fd-b08e-9b7805202f2b
https://www.deckenmalerei.eu/dcf12154-7fc8-40de-a427-6cf9d27e3ce5,"Johanna Sophie, Hohenlohe-Langenburg, Gräfin",FEMALE,Q91546,dcf12154-7fc8-40de-a427-6cf9d27e3ce5
https://www.deckenmalerei.eu/5c146589-369e-4055-8c5f-567926495e8c,"Sandrart, Jakob",MALE,Q1677703,5c146589-369e-4055-8c5f-567926495e8c
https://www.deckenmalerei.eu/d3bb4540-fd9a-4d38-abb1-1a9b924c8bb6,"Hohenlohe-Kirchberg, Friedrich Eberhard von",MALE,Q31191660,d3bb4540-fd9a-4d38-abb1-1a9b924c8bb6
https://www.deckenmalerei.eu/3c0ad7b0-757d-4f64-91f7-2385facd732f,"Christian Kraft, Hohenlohe-Langenburg, Graf",MALE,Q55852471,3c0ad7b0-757d-4f64-91f7-2385facd732f
https://www.deckenmalerei.eu/fe60c9ac-26fb-44ff-9103-736168b8bff5,"Moritz Ludwig, Hohenlohe-Langenburg, Graf",MALE,Q75346035,fe60c9ac-26fb-44ff-9103-736168b8bff5
https://www.deckenmalerei.eu/b2437c38-2ab9-4e21-8ca1-840401f45ea2,"Castell-Remlingen, Juliana Dorothea zu, Gräfin",FEMALE,Q11929422,b2437c38-2ab9-4e21-8ca1-840401f45ea2
https://www.deckenmalerei.eu/1fa37d07-0124-44df-889a-35be687baf68,"Ernst Eberhard Friedrich, Hohenlohe-Langenburg, Graf",MALE,Q75345824,1fa37d07-0124-44df-889a-35be687baf68
https://www.deckenmalerei.eu/422df9b9-c84d-4f83-879d-fbd4a605176f,"Johann Ernst III., Sachsen-Weimar, Herzog",MALE,Q61972,422df9b9-c84d-4f83-879d-fbd4a605176f
https://www.deckenmalerei.eu/9d0bbbc0-c80e-11e9-8a8f-6315b3a88f02,"Auguste Dorothea, Braunschweig-Lüneburg, Herzogin",FEMALE,Q766388,9d0bbbc0-c80e-11e9-8a8f-6315b3a88f02
https://www.deckenmalerei.eu/6a5495fd-0958-451e-b2d7-361554df7a34,"Fehling, Heinrich Christoph",MALE,Q1596932,6a5495fd-0958-451e-b2d7-361554df7a34
https://www.deckenmalerei.eu/ec060d11-b8ea-422c-9e09-d972b3eb801c,"Sayn-Wittgenstein, Ludwig zu, der Ältere",MALE,Q119050,ec060d11-b8ea-422c-9e09-d972b3eb801c
https://www.deckenmalerei.eu/0e6f0f17-7920-4b1d-beb1-ff97379fd37f,"Sayn-Wittgenstein-Berleburg, Casimir zu",,Q31191819,0e6f0f17-7920-4b1d-beb1-ff97379fd37f
https://www.deckenmalerei.eu/fcc48700-c57e-11e9-a249-1d82ad4f6e4d,"Georg Wilhelm, Braunschweig-Lüneburg, Herzog",MALE,Q61574,fcc48700-c57e-11e9-a249-1d82ad4f6e4d
https://www.deckenmalerei.eu/dc98f4f3-a5e0-443b-9a6c-5d563d63e220,"Ernst, Braunschweig-Lüneburg-Celle, Herzog",MALE,Q700441,dc98f4f3-a5e0-443b-9a6c-5d563d63e220
https://www.deckenmalerei.eu/d84c35f0-c58b-11e9-9a28-879a4ed5a2e2,"Wilhelm, Braunschweig-Lüneburg, Herzog",MALE,Q62481,d84c35f0-c58b-11e9-9a28-879a4ed5a2e2
https://www.deckenmalerei.eu/f5a22c90-c581-11e9-a249-1d82ad4f6e4d,"Arighini, Giuseppe",MALE,Q5565332,f5a22c90-c581-11e9-a249-1d82ad4f6e4d
https://www.deckenmalerei.eu/4e6dc2e0-c581-11e9-a249-1d82ad4f6e4d,"Bedogni, Lorenzo",MALE,Q1870191,4e6dc2e0-c581-11e9-a249-1d82ad4f6e4d
https://www.deckenmalerei.eu/fc54e330-c5a8-11e9-b229-6b499a37f581,"Ring, Ludger tom, der Jüngere",MALE,Q459274,fc54e330-c5a8-11e9-b229-6b499a37f581
https://www.deckenmalerei.eu/648b9da0-c5fd-11e9-a97f-1d9542ed7a37,"Georg V., Hannover, König",MALE,Q57428,648b9da0-c5fd-11e9-a97f-1d9542ed7a37
https://www.deckenmalerei.eu/c28111cf-066a-4f96-814a-bcc341dcfa33,"Velde, Florenz von dem",MALE,Q21039169,c28111cf-066a-4f96-814a-bcc341dcfa33
https://www.deckenmalerei.eu/626929fd-e807-41a1-8d1c-c5bc14aa6eab,"Horrich, Maximilian von",MALE,Q108337840,626929fd-e807-41a1-8d1c-c5bc14aa6eab
https://www.deckenmalerei.eu/b4f3e582-073d-448e-9654-ea2083bc9b13,"Heinrich XXIV., Reuß-Köstritz, Graf",MALE,Q1544732,b4f3e582-073d-448e-9654-ea2083bc9b13
https://www.deckenmalerei.eu/9ce1934b-d35b-40f4-8ef2-8a9eebba5e23,"Heinrich XI., Reuß, Ältere Linie, Fürst",MALE,Q565727,9ce1934b-d35b-40f4-8ef2-8a9eebba5e23
https://www.deckenmalerei.eu/bf5903bd-2444-4e61-991d-fdfdc337b59b,"Thelott, Johann Andreas",MALE,Q1692373,bf5903bd-2444-4e61-991d-fdfdc337b59b
https://www.deckenmalerei.eu/5f0bb6e2-c22a-482d-8f8a-4ebe5b804622,"Fugger, Johann Rudolf, Babenhausen-Boos, Graf",MALE,Q58214691,5f0bb6e2-c22a-482d-8f8a-4ebe5b804622
https://www.deckenmalerei.eu/92213244-575c-4a6e-bbeb-330c83fad58a,"Fugger, Christoph Moritz Bernhard, Graf",MALE,Q95636433,92213244-575c-4a6e-bbeb-330c83fad58a
https://www.deckenmalerei.eu/75315cfa-be5b-47ef-897e-ea06baf68b16,"Bodenehr, Gabriel",MALE,Q23009261,75315cfa-be5b-47ef-897e-ea06baf68b16
https://www.deckenmalerei.eu/f08a2870-c7f2-11e9-99f3-c9e55f39fadd,"Feichtmayr, Franz Xaver",MALE,Q834175,f08a2870-c7f2-11e9-99f3-c9e55f39fadd
https://www.deckenmalerei.eu/9d17a748-7171-477d-8e52-cf1f74b892e1,"Joachim, Anhalt-Dessau, Fürst",MALE,Q96375,9d17a748-7171-477d-8e52-cf1f74b892e1
https://www.deckenmalerei.eu/81a03002-9232-432d-851f-37a0c55c2638,"Johann Georg II., Anhalt-Dessau, Fürst",MALE,Q63246,81a03002-9232-432d-851f-37a0c55c2638
https://www.deckenmalerei.eu/3410a243-40db-4a19-9c4f-b5c49aa9795d,"Joachim Ernst, Anhalt, Fürst",MALE,Q66888,3410a243-40db-4a19-9c4f-b5c49aa9795d
https://www.deckenmalerei.eu/d9a0007e-242b-4190-b60d-400a7e878d33,"Galle, Philippe",MALE,Q1379395,d9a0007e-242b-4190-b60d-400a7e878d33
https://www.deckenmalerei.eu/f5c14649-5744-43cc-91c1-a69003944922,"Genone, Giovanni Battista",MALE,Q113125571,f5c14649-5744-43cc-91c1-a69003944922
https://www.deckenmalerei.eu/877449b6-f86f-4413-b50e-13a16f453cd6,"Nassau-Diez, Albertine Agnes, Fürstin von",FEMALE,Q271950,877449b6-f86f-4413-b50e-13a16f453cd6
https://www.deckenmalerei.eu/1ae0037d-74c8-4e03-a00e-a9e660750c8c,"Nassau-Diez, Henriette Amalie, Fürstin von",FEMALE,Q271927,1ae0037d-74c8-4e03-a00e-a9e660750c8c
https://www.deckenmalerei.eu/a3cad6e0-f25d-4d47-8c7a-f5b3a8ad398d,"Dyck, Jan van",MALE,Q19614690,a3cad6e0-f25d-4d47-8c7a-f5b3a8ad398d
https://www.deckenmalerei.eu/40df725e-4acd-4307-ab5b-0fdc4418bb62,"Feichtmayr, Simpert",MALE,Q55849812,40df725e-4acd-4307-ab5b-0fdc4418bb62
https://www.deckenmalerei.eu/bf65c712-4f84-43a1-8a61-bb6e40fdeae1,"Halder, Georg Walther von",MALE,Q94859240,bf65c712-4f84-43a1-8a61-bb6e40fdeae1
https://www.deckenmalerei.eu/1cf97dd9-1183-418e-9634-59feed0d4752,"Johann Friedrich II., Sachsen, Herzog",MALE,Q563316,1cf97dd9-1183-418e-9634-59feed0d4752
https://www.deckenmalerei.eu/6cd659f4-a47d-4c18-86dd-27e66eb80d6b,"Arens, Johann August",MALE,Q104043,6cd659f4-a47d-4c18-86dd-27e66eb80d6b
https://www.deckenmalerei.eu/d3470196-6b7d-46c8-9106-cef373c6166e,"Horny, Conrad",MALE,Q1726825,d3470196-6b7d-46c8-9106-cef373c6166e
https://www.deckenmalerei.eu/7d2b2583-3480-4e43-97e9-e3e5274696be,"Johann III., Bremen, Erzbischof",MALE,Q1679977,7d2b2583-3480-4e43-97e9-e3e5274696be
https://www.deckenmalerei.eu/45ce4f7c-f66b-4535-a5f2-098036410ba9,"Heinrich, Sachsen-Lauenburg, Herzog",MALE,Q89268,45ce4f7c-f66b-4535-a5f2-098036410ba9
https://www.deckenmalerei.eu/0161dea5-f467-4a27-92c4-d478a157c7e5,"Hooghe, Romeyn de",MALE,Q278068,0161dea5-f467-4a27-92c4-d478a157c7e5
https://www.deckenmalerei.eu/5fbb5e2b-4aeb-4d43-8069-6413b7fba778,"Mauro, Alessandro",MALE,Q95759138,5fbb5e2b-4aeb-4d43-8069-6413b7fba778
https://www.deckenmalerei.eu/9c8d8afc-38dd-4637-b8cb-4cee779d1ec0,"Zucchi, Andrea",MALE,Q30250990,9c8d8afc-38dd-4637-b8cb-4cee779d1ec0
https://www.deckenmalerei.eu/21446360-9ee7-4f92-9fa7-946b1adc5d0a,"Roslin, Alexander",MALE,Q315102,21446360-9ee7-4f92-9fa7-946b1adc5d0a
https://www.deckenmalerei.eu/5625d159-2d3b-41f0-8d14-9ccf4092f12c,"Spindler, Johann Friedrich",MALE,Q61831032,5625d159-2d3b-41f0-8d14-9ccf4092f12c
https://www.deckenmalerei.eu/4edfcd77-9adc-43f7-80e2-0311c8c483df,"Meyer, Adam Anton von",MALE,Q27044405,4edfcd77-9adc-43f7-80e2-0311c8c483df
https://www.deckenmalerei.eu/5e80a2d2-4825-420b-952c-2f99cdf32ca7,Anna Erika von Waldeck,FEMALE,Q560293,5e80a2d2-4825-420b-952c-2f99cdf32ca7
https://www.deckenmalerei.eu/8b7a7d50-ca6c-11e9-b3c7-c1f35c95f583,"Ferretti, Carlo",MALE,Q34151442,8b7a7d50-ca6c-11e9-b3c7-c1f35c95f583
https://www.deckenmalerei.eu/4167c0d0-ca6f-11e9-8c61-337f8ac1dbc1,"Carlone, Diego Francesco",MALE,Q1220425,4167c0d0-ca6f-11e9-8c61-337f8ac1dbc1
https://www.deckenmalerei.eu/1649ba00-ca6c-11e9-b3c7-c1f35c95f583,"Retti, Livio",MALE,Q15428752,1649ba00-ca6c-11e9-b3c7-c1f35c95f583
https://www.deckenmalerei.eu/f06b4d60-6ec8-11ea-8348-2feb7393be7f,Tintoretto,MALE,Q9319,f06b4d60-6ec8-11ea-8348-2feb7393be7f
https://www.deckenmalerei.eu/7a2cefa9-d28b-46ac-80ed-24315ad56dbd,"Stromer, Heinrich",MALE,Q108668,7a2cefa9-d28b-46ac-80ed-24315ad56dbd
https://www.deckenmalerei.eu/ab4e1d36-ef80-4454-bc55-a59db3f7be41,"Stiller, Michael",MALE,Q15428502,ab4e1d36-ef80-4454-bc55-a59db3f7be41
https://www.deckenmalerei.eu/215e758a-1c6c-491a-af8f-8d2d5f3d7aaf,"Friedrich Wilhelm von Westphalen, Hildesheim, Fürstbischof",MALE,Q109613,215e758a-1c6c-491a-af8f-8d2d5f3d7aaf
https://www.deckenmalerei.eu/8148935c-d70c-41b3-90cd-321d697c97d2,"Mozart, Hans Georg",MALE,Q1579752,8148935c-d70c-41b3-90cd-321d697c97d2
https://www.deckenmalerei.eu/30ffd7b5-8644-474c-bb84-7fb188c074cd,"Jorhan, Christian",MALE,Q1080487,30ffd7b5-8644-474c-bb84-7fb188c074cd
https://www.deckenmalerei.eu/82e0c90d-13f4-4340-88b6-8bdddf6d09dc,"Kauffmann, Ignaz",MALE,Q55903867,82e0c90d-13f4-4340-88b6-8bdddf6d09dc
https://www.deckenmalerei.eu/e16517cc-c7ae-4637-a8fd-1c5fa59bd417,"Klemens Wenzeslaus, Trier, Erzbischof",MALE,Q565780,e16517cc-c7ae-4637-a8fd-1c5fa59bd417
https://www.deckenmalerei.eu/98b390a9-4cb1-43c6-bc14-17029a54cd0c,"Schaezler, Johann Lorenz von",MALE,Q1169683,98b390a9-4cb1-43c6-bc14-17029a54cd0c
https://www.deckenmalerei.eu/8bdb2944-b348-4e7f-8aea-e35d13687b1e,"Liebert, Benedikt Adam, Edler von Liebenhofen",MALE,Q816913,8bdb2944-b348-4e7f-8aea-e35d13687b1e
https://www.deckenmalerei.eu/6b5870fc-7ebf-455d-b291-ff37772c8997,"Schaezler, Ferdinand von",MALE,Q1405115,6b5870fc-7ebf-455d-b291-ff37772c8997
https://www.deckenmalerei.eu/6109c001-19fd-49f1-8207-5d27f620dd02,"Schaezler, Wolfgang von",,Q2591125,6109c001-19fd-49f1-8207-5d27f620dd02
https://www.deckenmalerei.eu/e11bace6-033e-435d-9aa7-66020401fc4a,"Welser, Philippine",FEMALE,Q64190,e11bace6-033e-435d-9aa7-66020401fc4a
https://www.deckenmalerei.eu/5d9fc595-7f28-40f2-a5e8-a2b884025949,"Liebert, Maria Elisabeth, Edle von Liebenhofen",FEMALE,Q94757760,5d9fc595-7f28-40f2-a5e8-a2b884025949
https://www.deckenmalerei.eu/35d3db79-0362-4a40-b934-6753a5f8605b,"Maximilian I., Heiliges Römisches Reich, Kaiser",MALE,Q150726,35d3db79-0362-4a40-b934-6753a5f8605b
https://www.deckenmalerei.eu/21abf1c4-a40c-4c68-b18f-f3a15c989d50,"Marie Antoinette, Frankreich, Königin",FEMALE,Q47365,21abf1c4-a40c-4c68-b18f-f3a15c989d50
https://www.deckenmalerei.eu/12853cb4-289b-4baa-8a64-7cad1da0085c,"Adler, Philipp",MALE,Q2086555,12853cb4-289b-4baa-8a64-7cad1da0085c
https://www.deckenmalerei.eu/0a42007c-3f9e-4a2b-882c-d2367172b8d4,"Liebert, Johann Adam, Edler von Liebenhofen",MALE,Q41528779,0a42007c-3f9e-4a2b-882c-d2367172b8d4
https://www.deckenmalerei.eu/7971bb0e-d60e-4d3c-9601-d058df36479b,"Alvensleben, Johann Friedrich II. von",MALE,Q101453,7971bb0e-d60e-4d3c-9601-d058df36479b
https://www.deckenmalerei.eu/eb900c43-3893-472e-a3b8-1561f07bcd8e,"Wetzel, Christoph",MALE,Q28062185,eb900c43-3893-472e-a3b8-1561f07bcd8e
https://www.deckenmalerei.eu/7508ae1f-aaea-4ba3-a3f0-d84ac06b01e2,"Schulenburg, Melusine von der",FEMALE,Q64228,7508ae1f-aaea-4ba3-a3f0-d84ac06b01e2
https://www.deckenmalerei.eu/62c375a5-f98b-4fc9-99f3-c6d470faa164,"Wedderkop, Gottfried von",,Q1539588,62c375a5-f98b-4fc9-99f3-c6d470faa164
https://www.deckenmalerei.eu/90e32a06-4268-4969-ab5e-341b0036f588,"Beck, Jakob Samuel",MALE,Q1679322,90e32a06-4268-4969-ab5e-341b0036f588
https://www.deckenmalerei.eu/c387d840-89a4-49c8-a479-17a46d53edde,"Gröninger, Gottfried",MALE,Q55850862,c387d840-89a4-49c8-a479-17a46d53edde
https://www.deckenmalerei.eu/eea834ec-4ce7-4f9b-931c-179182ddbe2c,"Boyneburg, Philipp Wilhelm von",MALE,Q2087308,eea834ec-4ce7-4f9b-931c-179182ddbe2c
https://www.deckenmalerei.eu/46773437-b880-4b90-a0de-aba66b385086,"Bicken, Friedrich Wilhelm von",MALE,Q1463272,46773437-b880-4b90-a0de-aba66b385086
https://www.deckenmalerei.eu/b61a640d-0b05-46b8-b721-a6c6c6303091,"Bloemaert, Cornelis Abrahamsz",MALE,Q518767,b61a640d-0b05-46b8-b721-a6c6c6303091
https://www.deckenmalerei.eu/f9283446-f3de-4b96-9f55-25e318eebb91,"Heinsius, Johann Ernst",MALE,Q1693359,f9283446-f3de-4b96-9f55-25e318eebb91
https://www.deckenmalerei.eu/bfb2d262-cf4c-4713-8a08-3bac3040951b,"Friedrich-Anton, Schwarzburg-Rudolstadt, Fürst",MALE,Q84651,bfb2d262-cf4c-4713-8a08-3bac3040951b
https://www.deckenmalerei.eu/bd962d1c-f25e-4c53-8e4f-25c93de84ade,"Albrecht VII., Schwarzburg-Rudolstadt, Graf",MALE,Q317621,bd962d1c-f25e-4c53-8e4f-25c93de84ade
https://www.deckenmalerei.eu/88465859-c729-4c46-b274-07c6dfd53cae,"Johann Friedrich, Schwarzburg-Rudolstadt, Fürst",MALE,Q86413,88465859-c729-4c46-b274-07c6dfd53cae
https://www.deckenmalerei.eu/3d9a97fd-8e6c-4603-b540-a1f805f9229c,"Karl Günther, Schwarzburg-Rudolstadt, Graf",MALE,Q84300,3d9a97fd-8e6c-4603-b540-a1f805f9229c
https://www.deckenmalerei.eu/96796171-d95e-4b0c-a547-409688e4a8bc,"Filippo, Lauri",,Q3071902,96796171-d95e-4b0c-a547-409688e4a8bc
https://www.deckenmalerei.eu/145cde9c-2500-4e68-b25d-373d7ad33b23,"Cipriani, Giovanni Battista",,Q2687759,145cde9c-2500-4e68-b25d-373d7ad33b23
https://www.deckenmalerei.eu/d1ee1f95-7a0b-426c-a4f6-4c59317cc220,"Köpf, Christian Georg von",MALE,Q94928572,d1ee1f95-7a0b-426c-a4f6-4c59317cc220
https://www.deckenmalerei.eu/957f7449-69e0-4a5f-9749-dafcca61f02a,"Hainhofer, Melchior von",MALE,Q55851213,957f7449-69e0-4a5f-9749-dafcca61f02a
https://www.deckenmalerei.eu/86be4b36-637a-450c-9a2a-868c80f6b9c0,"Holl, Johannes",MALE,Q1697714,86be4b36-637a-450c-9a2a-868c80f6b9c0
https://www.deckenmalerei.eu/0ebd19b5-f172-4267-9dba-62959e05c5fb,"Schneidmann, Johann Andreas",MALE,Q94809226,0ebd19b5-f172-4267-9dba-62959e05c5fb
https://www.deckenmalerei.eu/acfe7650-c886-4f0d-ac09-7e3930d54ff3,"Remele, Johann Adam",,Q13604896,acfe7650-c886-4f0d-ac09-7e3930d54ff3
https://www.deckenmalerei.eu/8a2941ee-8a92-4e59-85f5-61c9a348ae22,"Sölner, Wilhelm, Abt",MALE,Q22693955,8a2941ee-8a92-4e59-85f5-61c9a348ae22
https://www.deckenmalerei.eu/9d8100ac-f10c-4ab2-b98c-a024e584ed50,"Bielefeld, Jakob Friedrich von",MALE,Q1380341,9d8100ac-f10c-4ab2-b98c-a024e584ed50
https://www.deckenmalerei.eu/ee392e27-9ee0-4e0c-87da-d1a545b52be7,"Reichle, Hans",MALE,Q1581944,ee392e27-9ee0-4e0c-87da-d1a545b52be7
https://www.deckenmalerei.eu/3d6706c8-ea68-4a5a-a20b-07a9d95a1766,"Neidhardt, Wolfgang",MALE,Q2590697,3d6706c8-ea68-4a5a-a20b-07a9d95a1766
https://www.deckenmalerei.eu/46d05c4c-a31c-4a36-8245-f0e4c23b33cf,"Kager, Johann Matthias",MALE,Q830353,46d05c4c-a31c-4a36-8245-f0e4c23b33cf
https://www.deckenmalerei.eu/b1ec3672-5395-4c7e-bc21-385d24f67c3b,"Welser, Matthäus",MALE,Q55900441,b1ec3672-5395-4c7e-bc21-385d24f67c3b
https://www.deckenmalerei.eu/610766d5-7c2c-4d1f-baba-c0adba94a3c8,"Rehlinger, Bernhard",MALE,Q94802066,610766d5-7c2c-4d1f-baba-c0adba94a3c8
https://www.deckenmalerei.eu/2b54ab77-8c0f-424b-a17c-043ff26363aa,Constantin von Buttlar,MALE,Q1782800,2b54ab77-8c0f-424b-a17c-043ff26363aa
https://www.deckenmalerei.eu/d5fc5d5f-20e4-4202-a458-a3661f034578,"Dalberg, Adolph von",MALE,Q97400,d5fc5d5f-20e4-4202-a458-a3661f034578
https://www.deckenmalerei.eu/39c6fa80-c583-11e9-9a28-879a4ed5a2e2,"Feichtmayr, Jacob",MALE,Q94886141,39c6fa80-c583-11e9-9a28-879a4ed5a2e2
https://www.deckenmalerei.eu/d8e81cdc-7781-46b4-8eb8-39f140a799e2,"Pedetti, Mauritio",MALE,Q1911629,d8e81cdc-7781-46b4-8eb8-39f140a799e2
https://www.deckenmalerei.eu/78b32080-0864-4612-b123-2eac9de42a0d,"Wachter, Johann Peter",MALE,Q15821360,78b32080-0864-4612-b123-2eac9de42a0d
https://www.deckenmalerei.eu/d189a1f9-f71c-45e0-97da-d8f806216fe3,"Boitard, François",MALE,Q5493190,d189a1f9-f71c-45e0-97da-d8f806216fe3
https://www.deckenmalerei.eu/c2522399-4f64-4c26-ab8e-f86757aaea51,"Cleyn, Franz",MALE,Q1906847,c2522399-4f64-4c26-ab8e-f86757aaea51
https://www.deckenmalerei.eu/d0b1bbd3-f938-4a4c-ace9-2de179674a28,"Lobkowitz, Wenzel Eusebius von",MALE,Q517182,d0b1bbd3-f938-4a4c-ace9-2de179674a28
https://www.deckenmalerei.eu/859291ad-dd33-4d4c-97c8-ff609ebe3541,"Lobkowitz, Ladislaus II von",MALE,Q12032510,859291ad-dd33-4d4c-97c8-ff609ebe3541
https://www.deckenmalerei.eu/d26901f9-9dfa-487b-9cef-d3407fb46112,"Hiernle, Franz Matthias",MALE,Q1365183,d26901f9-9dfa-487b-9cef-d3407fb46112
https://www.deckenmalerei.eu/87746515-a764-4517-befe-a1ba2a0c4600,"Juncker, Johann Jakob",MALE,Q63836859,87746515-a764-4517-befe-a1ba2a0c4600
https://www.deckenmalerei.eu/506078f0-1ff6-41cd-8d6f-e237fde94f2e,"Hiernle, Sebastian",MALE,Q55852266,506078f0-1ff6-41cd-8d6f-e237fde94f2e
https://www.deckenmalerei.eu/20f113fc-882c-43f0-869d-360d60526b9a,"Hiernle, Kaspar",MALE,Q55852264,20f113fc-882c-43f0-869d-360d60526b9a
https://www.deckenmalerei.eu/38adf864-092e-45fe-b06b-58557e26ba1c,"Jäger, Johann Peter",MALE,Q1695793,38adf864-092e-45fe-b06b-58557e26ba1c
https://www.deckenmalerei.eu/e1c9d160-c7ec-11e9-91e0-9bbdba1c3ce9,"Seinsheim, Joseph Franz Maria Ignaz von",MALE,Q1707015,e1c9d160-c7ec-11e9-91e0-9bbdba1c3ce9
https://www.deckenmalerei.eu/4b05aaf0-c7ed-11e9-91e0-9bbdba1c3ce9,"Gießl, Leonhard Matthäus",MALE,Q55875335,4b05aaf0-c7ed-11e9-91e0-9bbdba1c3ce9
https://www.deckenmalerei.eu/a16d3cc0-c7f0-11e9-99f3-c9e55f39fadd,"Schöpf, Johann Nepomuk",MALE,Q1695668,a16d3cc0-c7f0-11e9-99f3-c9e55f39fadd
https://www.deckenmalerei.eu/461b85e0-c7f3-11e9-99f3-c9e55f39fadd,"Günther, Ignaz",MALE,Q525374,461b85e0-c7f3-11e9-99f3-c9e55f39fadd
https://www.deckenmalerei.eu/dd0b6120-c7fb-11e9-b70b-d3ef6d0103b8,"Adam Friedrich, Würzburg, Fürstbischof",MALE,Q86990,dd0b6120-c7fb-11e9-b70b-d3ef6d0103b8
https://www.deckenmalerei.eu/f4e6b97e-bb79-4a85-864f-5667e6b120f8,"Fugger, Octavian Secundus",MALE,Q21531050,f4e6b97e-bb79-4a85-864f-5667e6b120f8
https://www.deckenmalerei.eu/1a342938-53a7-48a9-97ee-3f72603882d7,"Rehlinger, Quirin",MALE,Q55859485,1a342938-53a7-48a9-97ee-3f72603882d7
https://www.deckenmalerei.eu/4b8d6ed7-3526-48a5-abee-1b0fbbfdbe4f,"Erhard, Christian Dominikus",MALE,Q94794613,4b8d6ed7-3526-48a5-abee-1b0fbbfdbe4f
https://www.deckenmalerei.eu/fdfed77f-d93a-4a59-b3ac-d384200fb5f8,"Welser, Anton d.J.",MALE,Q55897227,fdfed77f-d93a-4a59-b3ac-d384200fb5f8
https://www.deckenmalerei.eu/1123a411-e4e3-42df-ab93-f1ad3fd782f5,"Waldberger, Wolfgang",MALE,Q56006594,1123a411-e4e3-42df-ab93-f1ad3fd782f5
https://www.deckenmalerei.eu/baf21a70-18a9-45a3-9f92-824d97948182,"Horst, Rütger/Rutger von (der)",MALE,Q2204091,baf21a70-18a9-45a3-9f92-824d97948182
https://www.deckenmalerei.eu/39b12110-b910-4629-b81c-c29b35aa2e58,"Jenisch, Philipp Joseph",MALE,Q2086909,39b12110-b910-4629-b81c-c29b35aa2e58
https://www.deckenmalerei.eu/f6f036e3-cac4-4bd1-bd27-f9da2a200f26,"Balestra, Antonio",MALE,Q386500,f6f036e3-cac4-4bd1-bd27-f9da2a200f26
https://www.deckenmalerei.eu/b5999385-2594-41b1-94b8-4d6461a53b96,"Urlsperger, Samuel",MALE,Q2218907,b5999385-2594-41b1-94b8-4d6461a53b96
https://www.deckenmalerei.eu/7c8892fe-5116-4f9b-8353-5e3624a5666d,"Manz, Hans",MALE,Q125408,7c8892fe-5116-4f9b-8353-5e3624a5666d
https://www.deckenmalerei.eu/e2b7829f-215a-4d55-82c3-30f1d9b069f3,"Tiepolo, Giovanni Domenico",MALE,Q435316,e2b7829f-215a-4d55-82c3-30f1d9b069f3
https://www.deckenmalerei.eu/869631db-c11d-4bb3-a3e3-bfabe822216d,"Tiepolo, Giovanni Battista",MALE,Q186202,869631db-c11d-4bb3-a3e3-bfabe822216d
https://www.deckenmalerei.eu/6817db34-bc68-46e5-8775-6b1f608e5154,"Karl Alexander, Württemberg, Herzog",MALE,Q61946,6817db34-bc68-46e5-8775-6b1f608e5154
https://www.deckenmalerei.eu/cd67b1dd-1337-4a5b-aaca-2d8babad81bc,"Harper, Adolf Friedrich",MALE,Q361641,cd67b1dd-1337-4a5b-aaca-2d8babad81bc
https://www.deckenmalerei.eu/fa474f1a-a6ee-44c5-86b6-515d08f65362,"Troy, Jean François de",MALE,Q707729,fa474f1a-a6ee-44c5-86b6-515d08f65362
https://www.deckenmalerei.eu/cda0db9c-7a79-4696-ae8a-6bbc8a58db0a,"Baeck, Elias",,Q3050919,cda0db9c-7a79-4696-ae8a-6bbc8a58db0a
https://www.deckenmalerei.eu/0e912297-d2cd-43ec-bb73-3a5417901449,"Engelbrecht, Martin",MALE,Q1903690,0e912297-d2cd-43ec-bb73-3a5417901449
https://www.deckenmalerei.eu/1c71aa86-80de-4359-be23-c943d7b22fe3,"Steinfels, Johann Jakob Stevens",MALE,Q1589717,1c71aa86-80de-4359-be23-c943d7b22fe3
https://www.deckenmalerei.eu/5c524b41-001a-45d4-be0b-9eb902b33f3a,"Schuster, Johann Martin",MALE,Q38030967,5c524b41-001a-45d4-be0b-9eb902b33f3a
https://www.deckenmalerei.eu/66df959c-482e-489a-bd4f-9c8bc9e8cafb,"Quitteiner, Andreas Philipp",MALE,Q12042664,66df959c-482e-489a-bd4f-9c8bc9e8cafb
https://www.deckenmalerei.eu/36746a24-9a62-463a-bc95-27b6cc646981,"Mages, Josef",MALE,Q20984815,36746a24-9a62-463a-bc95-27b6cc646981
https://www.deckenmalerei.eu/98a4e37a-0722-4f6e-90e1-c30052309561,"Heinrich III., 1701-1768, Reuß ä.L. Graf zu Plauen, zu Untergreiz",MALE,Q55914198,98a4e37a-0722-4f6e-90e1-c30052309561
https://www.deckenmalerei.eu/6091708c-0ae8-41dc-a830-a9a09a4db979,"Heinrich II., Reuß, Ältere Linie",MALE,Q105582852,6091708c-0ae8-41dc-a830-a9a09a4db979
https://www.deckenmalerei.eu/2e426236-c820-47de-9f36-e4e71620a6e4,"Heinrich II., Reuß-Untergreiz, Graf",MALE,Q55909114,2e426236-c820-47de-9f36-e4e71620a6e4
https://www.deckenmalerei.eu/58183bf0-b733-411c-8230-21d93d4f3801,"Anton Günther, Oldenburg, Graf",MALE,Q69137,58183bf0-b733-411c-8230-21d93d4f3801
https://www.deckenmalerei.eu/a0918ba1-2abf-4838-ae8b-5e364b1b363e,"Friedrich, Heiliges Römisches Reich, König",MALE,Q124950,a0918ba1-2abf-4838-ae8b-5e364b1b363e
https://www.deckenmalerei.eu/2b30a3d4-f0be-4ea2-9aa7-f129316830d1,"Huber, Wolf",MALE,Q610556,2b30a3d4-f0be-4ea2-9aa7-f129316830d1
https://www.deckenmalerei.eu/2d215bcf-ce62-4b2d-880a-01a44c31b0d9,"Lamberg-Sprinzenstein, Karl Josef Franz von",MALE,Q55854360,2d215bcf-ce62-4b2d-880a-01a44c31b0d9
https://www.deckenmalerei.eu/828d51a4-de5f-429e-9f93-abe0c053f310,"Permoser, Balthasar",MALE,Q494782,828d51a4-de5f-429e-9f93-abe0c053f310
https://www.deckenmalerei.eu/048b1888-408d-45bc-b75e-2429b76427f0,"Diziano, Gaspare",MALE,Q744250,048b1888-408d-45bc-b75e-2429b76427f0
https://www.deckenmalerei.eu/d0d92de1-42fd-43d0-9a1b-73e8d3d32207,"Günther XLIII., Schwarzburg-Sondershausen, Fürst",MALE,Q91875,d0d92de1-42fd-43d0-9a1b-73e8d3d32207
https://www.deckenmalerei.eu/b5298c11-f459-4285-b846-97f683451e0b,"Christian Günther III., Schwarzburg-Sondershausen, Fürst",MALE,Q96056,b5298c11-f459-4285-b846-97f683451e0b
https://www.deckenmalerei.eu/90cc7b40-c4dc-11e9-b73c-931fa1e429a3,"Heinrich von Knöringen, Augsburg, Fürstbischof",MALE,Q1255324,90cc7b40-c4dc-11e9-b73c-931fa1e429a3
https://www.deckenmalerei.eu/90c4320c-1699-4fac-8598-710d358fc5c8,"Johann II., Augsburg, Bischof",MALE,Q1694736,90c4320c-1699-4fac-8598-710d358fc5c8
https://www.deckenmalerei.eu/50ef521b-3ae6-454b-89f5-54e750cd92cb,"Johann Otto, Augsburg, Bischof",MALE,Q1695738,50ef521b-3ae6-454b-89f5-54e750cd92cb
https://www.deckenmalerei.eu/1049e8ad-99f2-4c5d-b50a-d6ae7ffbeea4,"Otto, Augsburg, Bischof, Kardinal",MALE,Q69176,1049e8ad-99f2-4c5d-b50a-d6ae7ffbeea4
https://www.deckenmalerei.eu/d8424422-48e7-4463-ac31-c17c355f7e19,"Hardenberg, Friedrich Karl von",MALE,Q1460283,d8424422-48e7-4463-ac31-c17c355f7e19
https://www.deckenmalerei.eu/300fc8e9-8238-4d6f-bcb8-bb69bc08899e,"Bose, Carl Friedrich von",MALE,Q115973433,300fc8e9-8238-4d6f-bcb8-bb69bc08899e
https://www.deckenmalerei.eu/88560b0e-a5a9-4eb2-a38a-b457d5f9a6b3,"Fürstenberg, Johann Adolph von",MALE,Q1692283,88560b0e-a5a9-4eb2-a38a-b457d5f9a6b3
https://www.deckenmalerei.eu/35ae79bb-4554-484a-9b73-d7237831d054,"Fürstenberg, Ferdinand von",,Q993174,35ae79bb-4554-484a-9b73-d7237831d054
https://www.deckenmalerei.eu/346f2572-ee34-4232-85d7-cdefdf6901e9,"Wilhelmine, Lichtenau, Gräfin",FEMALE,Q70769,346f2572-ee34-4232-85d7-cdefdf6901e9
https://www.deckenmalerei.eu/9e2217f1-d59f-4670-b45a-6a98868b881c,"Rosenberg, Johann Carl Wilhelm",MALE,Q52154259,9e2217f1-d59f-4670-b45a-6a98868b881c
https://www.deckenmalerei.eu/0e42882e-7e6e-4dd3-82f0-bc59add1b010,"Lütke, Peter Ludwig",MALE,Q1465308,0e42882e-7e6e-4dd3-82f0-bc59add1b010
https://www.deckenmalerei.eu/7e8450d9-ab28-4286-aa31-b0e090d3b31f,"Verhelst, Ignaz Wilhelm",MALE,Q30308454,7e8450d9-ab28-4286-aa31-b0e090d3b31f
https://www.deckenmalerei.eu/75dd7f56-16b6-412e-b7f9-2423abacf60a,"Zoffany, Johann",MALE,Q702272,75dd7f56-16b6-412e-b7f9-2423abacf60a
https://www.deckenmalerei.eu/2b8d8d37-64df-4bed-95b7-3341b7f757d6,"Nicolai, Christoph Friedrich",MALE,Q215853,2b8d8d37-64df-4bed-95b7-3341b7f757d6
